1.603273839628391784e+02,1.534859077820902371e+02,1.621293541885038962e+02,1.601611435037585807e+02,1.374744473837240832e+02,1.064486413473056956e+02,1.001896001671433822e+02,1.095295348074108688e+02,1.248028700899112664e+02,1.192737484860483193e+02,1.114961533668742533e+02,1.133414656640765372e+02,1.227526548122170880e+02,1.278353811088985026e+02,1.302763107886053717e+02,1.514988434488518863e+02,1.786706999589269742e+02,1.746112048392635074e+02,1.756021980940945468e+02,1.627955885090799200e+02,1.546018932907209376e+02,1.497921666538188958e+02,1.445833033940658936e+02,1.470196533964355865e+02,1.161131903796408977e+02,1.111507582635753977e+02,1.366684321953233905e+02,1.502907177630423234e+02,1.366808084563190562e+02,1.483305680138776381e+02,1.704513793644418911e+02,1.566212310299682997e+02,1.593073022700839942e+02,1.241853694986175753e+02,1.103685878077312026e+02,1.153666034471285116e+02,1.318084331046707689e+02,1.463410989564748661e+02,1.442415458637448467e+02,1.238469005302511903e+02,1.109401633462163375e+02,1.054641028163133001e+02,9.216860780359672844e+01,9.956262220740157431e+01,1.305831083179880920e+02,1.434017678367241615e+02,1.307201163170787765e+02,1.370950866937857597e+02,1.387066322295085854e+02,1.503046838040467037e+02,1.585864970513510457e+02,1.370100219388740470e+02,1.203713633977945108e+02,1.224893030026905620e+02,1.408504473971938751e+02,1.161241764592851524e+02,9.890060877930460492e+01,1.048217945091518288e+02,1.167294309102985466e+02,1.160328478227266089e+02,1.341667901138239927e+02,1.554418718515007072e+02,1.430799144659278284e+02,1.590726348372392920e+02,1.795657878439096464e+02,1.734145739540442150e+02,1.828496917479949389e+02,1.565304295136588735e+02,1.194138713219225281e+02,1.057657659458654109e+02,1.147777515961283541e+02,1.415844516492808509e+02,1.251872032406037931e+02,1.058978825133951602e+02,1.122062419217606930e+02,1.263824857014198244e+02,1.089090726998489060e+02,1.093402695602588892e+02,1.114843864031937812e+02,1.317228883453079220e+02,1.593447635586386184e+02,1.332990106084862703e+02,1.150642163080681541e+02,1.214512318551443855e+02,1.462316072751472120e+02,1.322154349375711604e+02,1.099943504796168696e+02,1.038836295272085835e+02,1.169507638689327393e+02,1.431355624452464212e+02,1.322252786875490358e+02,1.211839529021440001e+02,1.229823664106337588e+02,1.254927312926752876e+02,1.293676089246041840e+02,1.278071075083599624e+02,1.215475405505749222e+02,1.273442550117037797e+02,1.207182259325721674e+02,1.237531899139670060e+02,1.508994064297681348e+02,1.563322979742329721e+02,1.533266419234829527e+02,1.412994710906181410e+02,1.365619958581213780e+02,1.377220104088705170e+02,1.553449098600732441e+02,1.417610576861135314e+02,1.287334782676273619e+02,1.492783439386811324e+02,1.419717382414223721e+02,1.272132361896806572e+02,1.008092038334615950e+02,9.923865039272367028e+01,1.203392295572758712e+02,1.349209421106113780e+02,1.348571661844692926e+02,1.333106073375253970e+02,1.175936251378591066e+02,1.239590007735660748e+02,1.256842201481611312e+02,1.134049358694036158e+02,1.240250239923407491e+02,1.328235646870547555e+02,1.254442917042681245e+02,1.187578250392179484e+02,1.221299228283694589e+02,1.289046480089120621e+02,1.202114688691230810e+02,1.160701141686494111e+02,1.194254898486036467e+02,1.025697114912164523e+02,1.026420824418170952e+02,1.264327018486914369e+02,1.573614089402541083e+02,1.411617044364831486e+02,1.254565374315475310e+02,1.103967628479670111e+02,1.139275610114290771e+02,1.179921106669151243e+02,1.243498719778241650e+02,1.058982688188257981e+02,8.975589549253075461e+01,8.153401324750508650e+01,9.174136319950173402e+01,1.248731680648582056e+02,1.261391413566672526e+02,9.782608560997464053e+01,9.523969734528691333e+01,1.165679514922695290e+02,1.203002961320992767e+02,1.251116288136435628e+02,1.496175131228603448e+02,1.348176775362219075e+02,1.259095158929628440e+02,1.001511692346523859e+02,9.729409124064375192e+01,1.207106438491293545e+02,1.337499274886059197e+02,1.257245064481969905e+02,1.403377219299796650e+02,1.478937014106220431e+02,1.238248833387234242e+02,1.011212376291302348e+02,9.224977805332522962e+01,1.030541344124012255e+02,1.268166199804106355e+02,1.483903757636734326e+02,1.246369397022566687e+02,1.216985936865277154e+02,1.248996586145818810e+02,1.312160061520213219e+02,1.159234502287357316e+02,1.219751019278144781e+02,1.195143917220117658e+02,1.087795375752160680e+02,1.049285790140069992e+02,1.018123439682627378e+02,1.110849534356084689e+02,1.342891450043155714e+02,1.526899644550418600e+02,1.354262294002960232e+02,1.119512545429798109e+02,1.133617637414591002e+02,1.248232724707359154e+02,1.425857360862413543e+02,1.598518949912379412e+02,1.392148543895526984e+02,1.341361356012133399e+02,1.314379402277842814e+02,1.458609687206155172e+02,1.495262264706553310e+02,1.585033948449406012e+02,1.655529726817328537e+02,1.346551963578570792e+02,1.206482851362839597e+02,1.238944799453985439e+02,1.383977893245106543e+02,1.323834870434149309e+02,1.255279560631758784e+02,1.102051632131487935e+02,9.691366214091783604e+01,9.809891272391838868e+01,1.037737333163432680e+02,1.080714961632780557e+02,1.073580753974302979e+02,1.045702463976674039e+02,1.208377417434498540e+02,1.271440404239386197e+02,1.017207211696071880e+02,1.047383845589366729e+02,1.270033917756357482e+02,1.325498109248134710e+02,1.155840772782331811e+02,1.053400060619906213e+02,1.142603524329287836e+02
1.917263399503430605e+02,1.601610613482648660e+02,1.624339800275081700e+02,1.716443654438563726e+02,1.444327774199418855e+02,1.349538942159579165e+02,1.283002413197999942e+02,1.280917288419857982e+02,1.378703865044353165e+02,1.391316128639706164e+02,1.364949243945432045e+02,1.481722306747433890e+02,1.742877881648341827e+02,1.566502138787091383e+02,1.562104275686529604e+02,1.828780283448447790e+02,1.754387688919701418e+02,1.766863629080603459e+02,1.843767263631846163e+02,1.901251405493736399e+02,1.795697864374625112e+02,1.587247807534656090e+02,1.597386253656133874e+02,1.621567950989301892e+02,1.585822802547413062e+02,1.515586286081311584e+02,1.716657225332029668e+02,1.514797922885714172e+02,1.389167896115790484e+02,1.579402655126783372e+02,1.652799156229122275e+02,1.434732475569913106e+02,1.561608323273144379e+02,1.430400851496771963e+02,1.332302519133874625e+02,1.323914040539241057e+02,1.568273211819521293e+02,1.795577647274462265e+02,1.652741457012812987e+02,1.493645041245316065e+02,1.428238054818873195e+02,1.463161351995517236e+02,1.352375830107270644e+02,1.365141479110373552e+02,1.470341637663954373e+02,1.513995860922154293e+02,1.519273643776166125e+02,1.773289514479413924e+02,1.635245050854635167e+02,1.651936119161155148e+02,1.746897783722908173e+02,1.805699258343413476e+02,1.651157191454134363e+02,1.613057761890877657e+02,1.499434347825192333e+02,1.341276953873631044e+02,1.245603089706719686e+02,1.348192452791743392e+02,1.487427418696074994e+02,1.474511079174769748e+02,1.553936961368734444e+02,1.546488843744881194e+02,1.520255250795201505e+02,1.689017602742459019e+02,1.758462624222677846e+02,1.987267470112981300e+02,1.806563585936828247e+02,1.656788559678472836e+02,1.493983140484485830e+02,1.393466529326099419e+02,1.393033140880826295e+02,1.601897801159550738e+02,1.660863222310229901e+02,1.474752798405303054e+02,1.456271014907414951e+02,1.459831409698682023e+02,1.426672207630936384e+02,1.444271142144621649e+02,1.374078182702592414e+02,1.621290578530335438e+02,1.690167347126784421e+02,1.541087933108319135e+02,1.308524799110830941e+02,1.424862253159146519e+02,1.768862811719577053e+02,1.638945697478046668e+02,1.378258814522272075e+02,1.286895056309201379e+02,1.462724820453471750e+02,1.590551311613396877e+02,1.484929051963693212e+02,1.573999141127931409e+02,1.777216682336951976e+02,1.748500156479429677e+02,1.639296841814638697e+02,1.468741473752639877e+02,1.589474073048514242e+02,1.617477321287472023e+02,1.458433082803740888e+02,1.500050005086264946e+02,1.552777834210715753e+02,1.335997698099200193e+02,1.350973536863536424e+02,1.231177418386564852e+02,1.186661764493155431e+02,1.068079308504006377e+02,1.052381740290321801e+02,1.116966871549875151e+02,1.071897115812196546e+02,1.167108438878543524e+02,1.266698357080908437e+02,1.292148037746200657e+02,1.321882847802282015e+02,1.448392584621330457e+02,1.553664760607473170e+02,1.562702259435849896e+02,1.324034495646227185e+02,1.190205056985244880e+02,1.232538261583576542e+02,1.245498099723976679e+02,1.257393113895093109e+02,1.251623755356195744e+02,1.260757335327315047e+02,1.092012317754858657e+02,1.133059480623642088e+02,1.231908332609616821e+02,1.334495511611006293e+02,1.267737298536158619e+02,1.390125698387149384e+02,1.302985936951239978e+02,1.418131302226348396e+02,1.370182229070629205e+02,1.334480016761611694e+02,1.439446843880135987e+02,1.506856030904644399e+02,1.376960444103534940e+02,1.349222118380435518e+02,1.362561053139272076e+02,1.451867301737922276e+02,1.393377562308421034e+02,1.425326375199295512e+02,1.290759861176506149e+02,1.297701642311560590e+02,1.116381764995054056e+02,1.175187529624368494e+02,1.392024414431891159e+02,1.558885861492566676e+02,1.352659138447741611e+02,1.331424145856742030e+02,1.532127209220096802e+02,1.437627112986083375e+02,1.381024065761825455e+02,1.650319941234044450e+02,1.627301517137470626e+02,1.585685138091996293e+02,1.400936823504391668e+02,1.373505720412267692e+02,1.443741864507823607e+02,1.556704612122084370e+02,1.435756279297435185e+02,1.444096166183040282e+02,1.685320029461997251e+02,1.592526805927053033e+02,1.383547245395839127e+02,1.307498967733722566e+02,1.484575535237324857e+02,1.555817963567677396e+02,1.696554113387672089e+02,1.455691412326254408e+02,1.470818232765504945e+02,1.662282111319718467e+02,1.584095817439892926e+02,1.477128986479874584e+02,1.493080060055873162e+02,1.297085123430331919e+02,1.419881763385900229e+02,1.343019190612795626e+02,1.227492307244428957e+02,1.140261783226387848e+02,1.050221458766798435e+02,9.998900900314150419e+01,8.516502588296131648e+01,7.874192440129226611e+01,7.665447201340755612e+01,7.824140658326771813e+01,8.425070897276661697e+01,9.513281813454463531e+01,9.871511823359577420e+01,9.849403502013134926e+01,1.008511119715087574e+02,9.408771848877346144e+01,9.009232714109897699e+01,8.763230701815116674e+01,8.993060349406019327e+01,9.530967722439572754e+01,9.599456584467195341e+01,8.759645394977550836e+01,8.163823331212140033e+01,8.493053157488282068e+01,9.291121898459925887e+01,9.524042706051733376e+01,9.950998781536134175e+01,1.082752805208382938e+02,1.117202386514678381e+02,1.041614275058631591e+02,1.078999812609954176e+02,1.171581997191598816e+02,1.126922478889181036e+02,1.131546911541383480e+02,1.151774902773404250e+02,1.180882491902259233e+02,1.309703413241259398e+02,1.474280683118082607e+02,1.362363243476565344e+02,1.305988545120814592e+02,1.312345244599283092e+02
1.900479006348548410e+02,1.794356154443749745e+02,1.701054640394240209e+02,1.657610035423126931e+02,1.520764866137517402e+02,1.515575190119048727e+02,1.718123927981769725e+02,1.844271259772044687e+02,1.833740507238500186e+02,1.687641727378056657e+02,1.477731975180911093e+02,1.493094946286688014e+02,1.693145867395918174e+02,1.618882758280410030e+02,1.569472926706789622e+02,1.748514969458404948e+02,1.690770368108842945e+02,1.761272729250139832e+02,1.935991526578662558e+02,1.995093114035577457e+02,2.154752037516305734e+02,1.812645238326087167e+02,1.774691205059934873e+02,1.788996594323142517e+02,1.806419683055605958e+02,2.008946455191468203e+02,2.046267474710938927e+02,1.662990584261291360e+02,1.605893361150030785e+02,1.752916959721274566e+02,1.854522699940420694e+02,1.739018675856791276e+02,1.767949516820582119e+02,1.707101125188559365e+02,1.719264626236994218e+02,1.676803168442318679e+02,1.817434331609840399e+02,1.962867037679009172e+02,1.876646760585801985e+02,1.876709361829361740e+02,1.620738595750924560e+02,1.687807093236328342e+02,1.796466802470583843e+02,1.825598256322814734e+02,1.685551261065476467e+02,1.810086012817232586e+02,1.744454325952781346e+02,1.827588602203771870e+02,1.750149610729160088e+02,1.640628658145946304e+02,1.873145145281758914e+02,1.647521592571055464e+02,1.661640208982063314e+02,1.630691325351972978e+02,1.653998920206030903e+02,1.682791657522457172e+02,1.636211939201058954e+02,1.535604845317287186e+02,1.779333580636907186e+02,1.718721527861177378e+02,1.697216285063577743e+02,1.749613876288308916e+02,1.750526365086200258e+02,1.650042294936498593e+02,1.585928551929767991e+02,1.758042744957743651e+02,1.738615117003061812e+02,1.695060843886635098e+02,1.542785571757451919e+02,1.598216747528828421e+02,1.597444491990460733e+02,1.625782139489137421e+02,1.803140720409246569e+02,1.847895224406138652e+02,1.659513780227368613e+02,1.827114324185509986e+02,1.995338876299891240e+02,1.889211978094372171e+02,1.732099989972911089e+02,1.845096512543646554e+02,1.806530205152494375e+02,1.704047033969946483e+02,1.542903074600720288e+02,1.649943989637306743e+02,1.854920686769955864e+02,1.819081603785223820e+02,1.976976921447532618e+02,1.908099190609357265e+02,1.847312956963046133e+02,1.726979216153137031e+02,1.733338125181335556e+02,1.911493422529326267e+02,1.923447031964780365e+02,1.809605054703752671e+02,1.733952593206076074e+02,1.585019858489548028e+02,1.665154492399597075e+02,1.752714685730391011e+02,1.624754676186094855e+02,1.744767831739570454e+02,1.583680678918289857e+02,1.370461990502770391e+02,1.209478378235441767e+02,1.119676902732351067e+02,1.110993160663793589e+02,1.018890459588368600e+02,9.772733982566573729e+01,1.010151547362559086e+02,1.018186894842741594e+02,1.062989424785588852e+02,1.182420451581814973e+02,1.285037049361115180e+02,1.330303748108989339e+02,1.410666110518546930e+02,1.478765979630307186e+02,1.388167454220818513e+02,1.237249256234044452e+02,1.160003623167220326e+02,1.135368187215184292e+02,1.175655955331822469e+02,1.129156245252336817e+02,1.135929488976566688e+02,1.168987833497454147e+02,1.066916755604870559e+02,1.082806312857869813e+02,1.198300441304595410e+02,1.377784856070112198e+02,1.628115070215057472e+02,1.591116496223013996e+02,1.457842990547582644e+02,1.534655124616271564e+02,1.661323778030937888e+02,1.567351325911389495e+02,1.462076433716364079e+02,1.450108120080531648e+02,1.559310214000280155e+02,1.557073986641899523e+02,1.597060813586697918e+02,1.678946198343784602e+02,1.556337542317800455e+02,1.596130182622093798e+02,1.467422899684770243e+02,1.420541920956478350e+02,1.477827433490099907e+02,1.574344814658790028e+02,1.676802514289416024e+02,1.708928299797262866e+02,1.871514193844917884e+02,1.697107669577731315e+02,1.682981020232670062e+02,1.700809166725567252e+02,1.525652157605869377e+02,1.628717421221864470e+02,1.900098705319315400e+02,1.852919244772537581e+02,1.694968782272388808e+02,1.868131040335396449e+02,1.749243606667337190e+02,1.533703753387486017e+02,1.586463354002399342e+02,1.641296828701948129e+02,1.788154259907375376e+02,1.691623263292364641e+02,1.839846877103579743e+02,1.882703190380102001e+02,2.004998905333123389e+02,1.849330327496697350e+02,1.779607020117511240e+02,1.551824723877639371e+02,1.617111876606306282e+02,1.970454158316285884e+02,1.839335224105169289e+02,1.910530821431063657e+02,1.872541888139049604e+02,1.724984228967491617e+02,1.774800672523240337e+02,1.629999612333899108e+02,1.374292113941281173e+02,1.156672063510013402e+02,9.901943947897017040e+01,8.846003502777547567e+01,7.837755980318138427e+01,7.078819513864053192e+01,6.489462234001889840e+01,6.682958640960259800e+01,7.270002977813496159e+01,7.814376515446647886e+01,8.130071260230094765e+01,8.257103769090150536e+01,8.286268982401072947e+01,8.056654847676075804e+01,7.705646800322934098e+01,7.567633211832163909e+01,7.541295232772937140e+01,8.055642390531589569e+01,8.123128339416568622e+01,7.444886383165331267e+01,7.163106413875983947e+01,7.370613698525886548e+01,8.012451129929800686e+01,8.529307448597695895e+01,8.922137672917808970e+01,9.589105429758238586e+01,9.987730583898569137e+01,1.001346882159093497e+02,1.032913720241857476e+02,1.084647776633859735e+02,1.103528008961396552e+02,1.106700695650005741e+02,1.134057631624996247e+02,1.201007168465108350e+02,1.281692673003493610e+02,1.380503081347080467e+02,1.381309208971053408e+02,1.336183380766184428e+02,1.500945903208060486e+02
1.874927189819580633e+02,1.901406928696866601e+02,1.915118960872407285e+02,1.841932176971886577e+02,1.838257642738130073e+02,1.867428795857406385e+02,1.790878893287310802e+02,1.852826424345214207e+02,1.899960358967250045e+02,1.678633754950310220e+02,1.642832488168001248e+02,1.849230665883851827e+02,1.742838023854646110e+02,1.813306970385617376e+02,1.937651721091767740e+02,1.949514900164210189e+02,2.148798431395826185e+02,2.138872818309858417e+02,2.124731411579230098e+02,2.067432930368493942e+02,2.067337861504796592e+02,2.008192636534104736e+02,1.829266232117189190e+02,1.745595113245284438e+02,1.838914234714007137e+02,1.866993277531687738e+02,1.769219610294609311e+02,1.761716634619313027e+02,1.811487053877495725e+02,1.823755716745766620e+02,1.957702638535868687e+02,2.177395302876692256e+02,1.983459621806855466e+02,2.158913949600020032e+02,1.986686819745848709e+02,1.922166864179552590e+02,1.983808862065833978e+02,2.070767210997498751e+02,2.009878506812023602e+02,1.884241397474370103e+02,1.727261228859428570e+02,1.878347008916338439e+02,1.983916415864146643e+02,1.753309023082394447e+02,1.779095997313700650e+02,1.979213838667697019e+02,1.978367795266073017e+02,1.887491156812758675e+02,1.762149410336916446e+02,1.850543100457486503e+02,2.029544327802913415e+02,1.789887813701942321e+02,1.743309925263017135e+02,1.650680289640274054e+02,1.635547530600791788e+02,1.889548531345071467e+02,1.721484183802479890e+02,1.699048634437806413e+02,1.798671940058994494e+02,1.895197316674002934e+02,2.165799415395954668e+02,2.014394239319545363e+02,1.732038398852368744e+02,1.879705210424642985e+02,2.040471265769158720e+02,2.025628090981343234e+02,1.893363616021765097e+02,1.914629478163727754e+02,1.650016023461117811e+02,1.589696856950682218e+02,1.667814027590740693e+02,1.838024875514523160e+02,2.062684730245184994e+02,2.102155661321062610e+02,1.753250454735329811e+02,1.759250109460317617e+02,1.990171192386665666e+02,2.046663157553458063e+02,2.050870181147751623e+02,1.910883675557979586e+02,2.034611769990026744e+02,2.269882190187730089e+02,2.189885593782488797e+02,2.131971509374918696e+02,2.002195982511703676e+02,1.752212791361306756e+02,1.743691581378292312e+02,1.953118180600100686e+02,1.882376105976395024e+02,1.849682710010009714e+02,2.114153319564461810e+02,2.106910370712712677e+02,2.055543794895251324e+02,2.213187976659402807e+02,2.215077207521291029e+02,2.070327273350464736e+02,2.065384635710863961e+02,1.860804175501339159e+02,1.777107030176819649e+02,1.921937246015474443e+02,1.820012887462316371e+02,1.770563476957678120e+02,1.685539899973750266e+02,1.726894323142938958e+02,1.598785970445409248e+02,1.630611301020868211e+02,1.786313239340947803e+02,1.872651231992300893e+02,1.799364994994820961e+02,1.711243010165890439e+02,1.925133985144375401e+02,1.912354744251556156e+02,1.838880064455454431e+02,1.804199208594526453e+02,1.875431687548148716e+02,1.822588898416101131e+02,1.722599915626088034e+02,1.633790800022911753e+02,1.825158673730262535e+02,2.039556977937327815e+02,1.824835715673090988e+02,1.912486988729780819e+02,2.028822968708716701e+02,1.885724306924521443e+02,1.878030488313526973e+02,1.809767550805211158e+02,1.860272155254107247e+02,2.243786555149435458e+02,2.006434694412092767e+02,1.863519609963409209e+02,1.746967614727485625e+02,1.678536424491065304e+02,1.839605681617980508e+02,1.906437257855172334e+02,1.770422084832816267e+02,1.626521700125188659e+02,1.566910459651330427e+02,1.623404685935204270e+02,1.798301934294112812e+02,1.949558872739064554e+02,1.902441576430113059e+02,1.882116574847082120e+02,1.901880646577490950e+02,1.928018023113137076e+02,1.884678414459966405e+02,1.982500704663230806e+02,1.989562498152952799e+02,1.883035944194556635e+02,1.914870315309988769e+02,2.070404541780170575e+02,1.880246550397941974e+02,1.867248299805307852e+02,1.965935668346381533e+02,1.853422166760145444e+02,1.902891256702502289e+02,1.927605665938117454e+02,1.919752550795097648e+02,1.856578644648653267e+02,2.025639366039425511e+02,1.856762328972500598e+02,1.816849915869500478e+02,2.076020144286034679e+02,1.878090971701483909e+02,1.881604932731082442e+02,1.843049514734156276e+02,1.845029816600088850e+02,1.949305496411563468e+02,1.817017367967438872e+02,1.944202434338759531e+02,2.035516078513727791e+02,2.062801849956159117e+02,2.148779101100039099e+02,2.148383258988871773e+02,1.964223586595637983e+02,2.127303392833568978e+02,2.206892040273922362e+02,1.910490102344288914e+02,1.724204117625699269e+02,1.946866923295204401e+02,1.766177357495128888e+02,1.668819465527314776e+02,1.845845314703248050e+02,1.845490134012511589e+02,1.510444102699621283e+02,1.399306540764092688e+02,1.495431125015481939e+02,1.536168639346841758e+02,1.557798288388685535e+02,1.674558080221352157e+02,1.632031340264845198e+02,1.699818977908824991e+02,1.568231474300743287e+02,1.645310873586298612e+02,1.588198331714524443e+02,1.636141634898966117e+02,1.612453707214511383e+02,1.460961545727820692e+02,1.566250678796479292e+02,1.665850849541143361e+02,1.733286623260659951e+02,1.723477160558209107e+02,1.743856237466736161e+02,1.750161070520095166e+02,1.784801581697747110e+02,1.769665353199164315e+02,1.804692317312239140e+02,1.872107223058451666e+02,1.825733508269814251e+02,1.867969090047129157e+02,1.895475438221066611e+02,1.915208735868615690e+02,1.791816719893918162e+02,1.798961418616392507e+02,1.957316306068026108e+02,1.966928291121863310e+02,1.847120999445019152e+02
2.221661306804269884e+02,2.014524067435345103e+02,2.048216559412145443e+02,2.262434614607950039e+02,2.149147865058603770e+02,2.204177444554147769e+02,2.083402162448336981e+02,2.057910758088479213e+02,2.205314881202527886e+02,2.220126561343616913e+02,1.925276804831137270e+02,1.954422256398329409e+02,2.120399229191015138e+02,2.094901149046603450e+02,2.221152479002049915e+02,2.402546552225642245e+02,2.380148806045172307e+02,2.255824553895573104e+02,2.203922875721793844e+02,2.199245931089747330e+02,2.081440807487560392e+02,2.106245521354635173e+02,1.951943583587150499e+02,1.954175221123427377e+02,2.089678117713476695e+02,2.120749568988119336e+02,2.046518339314309003e+02,2.051407473754030093e+02,2.179024251883784871e+02,1.887741044257548424e+02,1.959424883641231929e+02,2.089707150500631769e+02,1.982336574648498981e+02,2.065616254336235897e+02,2.080631172499900572e+02,2.008890886384447185e+02,2.010054726347381120e+02,2.216498322903582050e+02,2.378221571019484770e+02,2.260108643391451437e+02,2.172068390964147397e+02,2.297600725258469367e+02,2.101963864424381541e+02,2.059312911092449667e+02,2.221267411341273714e+02,2.269246891586627441e+02,2.174994163878241693e+02,2.083827189198280507e+02,2.173754578440247656e+02,2.102663760218010793e+02,2.064170601513748977e+02,2.183957509218856785e+02,2.211794804317871410e+02,2.167033036107446264e+02,2.010541385845293121e+02,2.166333173379549635e+02,2.307881883460936479e+02,2.221427988855394062e+02,2.217863200515200788e+02,2.199088929731865392e+02,2.205322810267487625e+02,2.105796214133627586e+02,1.898450409584083900e+02,1.950390980888885508e+02,2.145688646099632138e+02,2.242154857272857100e+02,2.270296350651989314e+02,2.172329124924542896e+02,2.033820536314322851e+02,1.895162108074256366e+02,1.841613548866266399e+02,2.050876660457634557e+02,1.990025234155533553e+02,2.088956293608295880e+02,2.210523056935146258e+02,2.049535231468998973e+02,2.057792777211550685e+02,2.082919586193760892e+02,2.296028408120255619e+02,2.231869715407291324e+02,2.428026209066128445e+02,2.485914948187849802e+02,2.287529338396727496e+02,2.221073749389387615e+02,2.182213182486432004e+02,2.129912695870541199e+02,2.044208908760240035e+02,2.088656722142809485e+02,2.181850075487389518e+02,2.024465969369225036e+02,2.041451375454679464e+02,2.047561987793394849e+02,2.042863628177294117e+02,2.137243104950063355e+02,2.169870841284111407e+02,2.012719240744332581e+02,2.003307404637084232e+02,1.839009093576007672e+02,1.681971949722916690e+02,1.527886292294600423e+02,1.362810666595280509e+02,1.165359445845496964e+02,1.036539297193367730e+02,9.644699566335306429e+01,9.404769062981546313e+01,9.390294289957164153e+01,9.473185815456194803e+01,9.660068879700546063e+01,9.990945946682474244e+01,1.042139120624335078e+02,1.087475170235379380e+02,1.166112306816415440e+02,1.265811208227215445e+02,1.313487369491304548e+02,1.336443342171768904e+02,1.384023155987768519e+02,1.365093332127028987e+02,1.324398398684935216e+02,1.311107569945986029e+02,1.271773731689323199e+02,1.313738376068721436e+02,1.311456224041239977e+02,1.293951880430359722e+02,1.298570250551686627e+02,1.371029346048847231e+02,1.458418744903362949e+02,1.453129541977239398e+02,1.365313805605862285e+02,1.346405443797311534e+02,1.383636552144594702e+02,1.461509207131546759e+02,1.609958194529971820e+02,1.561164391693718585e+02,1.490511660707818749e+02,1.579241161000664420e+02,1.513543040572945415e+02,1.468525742078441851e+02,1.589204229324091955e+02,1.654090888753997888e+02,1.593584675148422605e+02,1.524576238535697428e+02,1.421465307523090189e+02,1.366517667252731769e+02,1.397819936536778584e+02,1.451671797700541333e+02,1.464977118844142012e+02,1.495591579349365929e+02,1.608169647936660169e+02,1.784274784978180719e+02,1.942750397722044795e+02,1.779673032513778139e+02,1.688667219321291384e+02,1.835555342441784603e+02,1.856610255146803183e+02,1.845604854117524098e+02,2.022846344991911565e+02,1.966679733266760763e+02,1.808468665513996143e+02,1.780383738984467641e+02,1.908981745549060633e+02,1.899793571451639025e+02,1.831795542551193705e+02,1.647762444470410514e+02,1.619028599595584694e+02,1.709698996591320679e+02,1.623709711792269275e+02,1.645269677615664534e+02,1.576771650235924369e+02,1.585865183957661202e+02,1.578537560443539292e+02,1.589374034105775877e+02,1.578678031147974252e+02,1.700627759982583882e+02,1.744731383301052290e+02,1.812020428572409116e+02,1.957249474929058124e+02,1.711012400263837776e+02,1.360103296218604783e+02,1.351354020490089738e+02,1.425635610848939905e+02,1.431081962244784052e+02,1.731795024349294465e+02,1.449620638060446822e+02,1.222677393369478267e+02,1.074384167326698787e+02,9.885534265476601945e+01,8.995147022503050493e+01,8.640934954755633157e+01,8.562003165280145822e+01,8.247777173003424878e+01,8.102908412292465812e+01,7.925530897120128770e+01,8.154742813468274676e+01,8.513401822355753268e+01,9.141430152467970061e+01,9.848543978092789075e+01,1.069212709530656014e+02,1.079866858108552776e+02,1.068305372155148945e+02,1.133187428587491468e+02,1.156933222473687692e+02,1.161107663346505916e+02,1.199257216220299256e+02,1.215266965222672155e+02,1.192751945596730963e+02,1.148559696280502749e+02,1.218187330056158544e+02,1.255552757170435427e+02,1.251618636513322969e+02,1.314493906989675338e+02,1.408684994730657252e+02,1.381951057885279681e+02,1.397441512578787695e+02,1.397838803082375136e+02,1.415413760532023559e+02,1.468975311023797303e+02
2.246512940236833913e+02,2.163854525651096310e+02,2.136743428045982114e+02,2.026637153191945799e+02,2.071627567354888981e+02,2.131410306093899294e+02,2.077179949884786367e+02,2.198446408145281339e+02,2.507399123347557293e+02,2.532276967858423973e+02,2.223066051603261712e+02,2.213800869016505430e+02,2.464347001967875599e+02,2.241923606896741035e+02,2.248113210802574145e+02,2.553650001572516430e+02,2.507146113185380614e+02,2.504832588125360076e+02,2.235778002532224775e+02,1.915825495041538034e+02,1.831877489542188187e+02,2.027449246808242549e+02,1.915522283846851508e+02,1.895643650198905164e+02,2.054166940049164225e+02,2.342936637797958497e+02,2.339973878839950316e+02,2.136382694388299228e+02,2.126282346460760095e+02,2.011050940096896227e+02,2.017405583714298132e+02,2.081584616187631127e+02,2.079250858857421349e+02,2.205594185057933601e+02,2.234578150191323402e+02,2.383166507989916738e+02,2.317737057496203192e+02,2.278401126342265002e+02,2.124685090119401139e+02,2.056030273420398657e+02,2.176475924239349240e+02,2.305600914091688480e+02,2.194027394629935088e+02,2.072150863271815808e+02,2.268358344218261777e+02,2.342831118049421661e+02,2.251201178425764056e+02,2.223737395273080324e+02,2.442017749316077015e+02,2.098929551181860234e+02,2.007464767087251403e+02,2.306841353403727339e+02,2.375958537923493168e+02,2.391277014747944918e+02,2.167265959089083935e+02,2.287232484711782092e+02,2.544751854951884695e+02,2.514076063890429396e+02,2.478053717017174620e+02,2.339743104901415620e+02,2.324527670611052201e+02,2.370285181979691060e+02,2.281426151326088814e+02,2.243659205717330565e+02,2.375793258403060122e+02,2.424698800540005834e+02,2.279522023885673150e+02,2.379060737902459550e+02,2.341494413591225054e+02,2.176080789059913627e+02,2.316349623174708938e+02,2.458087284631979514e+02,2.224666116576384525e+02,2.232059774135006478e+02,2.313715111092873826e+02,2.295760794833971943e+02,2.311394808715026272e+02,2.210438616450838367e+02,2.503889440028858360e+02,2.596932708749474727e+02,2.562775355589123478e+02,2.263529012347188996e+02,2.242286119052261881e+02,2.208085102326553226e+02,2.334974732497645675e+02,2.566323809228536561e+02,2.530328920431390429e+02,2.336221189858686387e+02,2.360047572803636058e+02,2.283508190974954744e+02,2.363212127307204469e+02,2.389496657181669832e+02,2.206788814571740431e+02,2.346982295285026225e+02,2.383149175123286057e+02,2.213022392042589388e+02,2.160204873212575762e+02,1.879241038803740764e+02,1.836136880793828254e+02,1.636278805389616764e+02,1.489113712337021127e+02,1.319725512174459823e+02,1.219648537330603801e+02,1.147422874160356230e+02,1.100873886845844538e+02,1.090441504987990129e+02,1.103618884804097462e+02,1.120179703758091279e+02,1.178413062950990025e+02,1.223916518510865785e+02,1.247548731229213388e+02,1.293420163354279282e+02,1.369116419033400120e+02,1.431270092545834132e+02,1.536751229716947762e+02,1.664013071745468437e+02,1.633598586159164654e+02,1.592483554304124311e+02,1.480662598624271880e+02,1.424737252978517290e+02,1.428894416068464182e+02,1.419731594496385014e+02,1.344621765408166993e+02,1.385099100269089831e+02,1.461613126383666099e+02,1.503440491588805514e+02,1.508071168591468734e+02,1.488716185725331229e+02,1.506385735333243474e+02,1.466171006927330609e+02,1.576708749323212260e+02,1.689302066402752587e+02,1.761342322497885107e+02,1.623434582652588460e+02,1.640260698099917818e+02,1.684441997581824637e+02,1.672044020603828187e+02,1.724933544908764986e+02,1.739123465723760091e+02,1.627411908390128588e+02,1.699337860288572699e+02,1.644596520049861965e+02,1.534971119517177840e+02,1.547304211106548735e+02,1.591873952679851243e+02,1.621572318896310207e+02,1.657337363646419703e+02,1.729892030256172006e+02,1.808559008866750162e+02,1.804088567627008501e+02,1.796402580031348180e+02,1.651089957394722774e+02,1.557220161649393049e+02,1.551324616188099128e+02,1.556029372317634341e+02,1.498702760283336772e+02,1.668962461577952467e+02,1.368056896975628263e+02,1.246832673550587316e+02,1.346886061400935262e+02,1.413139207123721519e+02,1.323514357268184654e+02,1.399497506641274356e+02,1.438622174146406962e+02,1.417248128048354943e+02,1.413181145513901242e+02,1.419021356456183298e+02,1.463925132532614271e+02,1.490616221342361030e+02,1.543093227008170913e+02,1.640888112681924440e+02,1.696783765718309951e+02,1.833177534446544712e+02,1.810956952695357245e+02,1.748503608747492137e+02,1.739417595763017630e+02,1.719436277002818088e+02,1.571669335692931213e+02,1.548155885031895593e+02,1.652508188477437443e+02,1.672098326019174124e+02,1.819815588493053156e+02,1.493627010030922122e+02,1.261223103587222170e+02,1.198689297268933842e+02,1.149403774223034134e+02,1.047471369814348066e+02,1.007249881809501062e+02,1.010465736131279044e+02,9.603620016152072481e+01,9.204881118803774598e+01,9.152270247408962689e+01,9.549933681744211356e+01,1.005957118748080603e+02,1.075192674611211174e+02,1.152328175572834823e+02,1.156825803469350404e+02,1.123064408479830831e+02,1.115547106886163675e+02,1.213138903370151382e+02,1.292784750919881560e+02,1.280116259752115297e+02,1.356442279520250054e+02,1.374736366571336816e+02,1.307077613729775010e+02,1.286837495553627946e+02,1.350253433051805132e+02,1.407327877097546605e+02,1.417380552815341161e+02,1.453405519211790136e+02,1.536729136316902782e+02,1.506561408226756953e+02,1.633967561578607501e+02,1.646048453604940107e+02,1.529529318085646992e+02,1.683081625683905713e+02
2.349508755483450955e+02,2.246072605172067256e+02,2.188882578228133866e+02,2.034004828315858617e+02,2.175755686241572562e+02,2.453498205335531281e+02,2.379954070100449144e+02,2.301879395201903833e+02,2.228362323855434681e+02,2.398976061367551154e+02,2.415526794088937379e+02,2.376289567844981434e+02,2.374111664989239330e+02,2.438797786117099236e+02,2.362162859032828806e+02,2.391788046315241445e+02,2.400807375047896528e+02,2.322389693166724385e+02,2.221739575100430955e+02,2.141179373699515622e+02,2.052058093384251265e+02,2.190705547760665581e+02,2.171295101901760063e+02,2.050525237964444614e+02,2.185921691438341554e+02,2.261221545382551312e+02,2.369960823121527937e+02,2.335392204328178423e+02,2.379287520845925883e+02,2.365449233473291315e+02,2.258666226219465898e+02,2.399349854585797175e+02,2.368230941698051026e+02,2.231768520827280327e+02,2.275787830784529433e+02,2.335885648435206008e+02,2.335276887220462925e+02,2.426248178052528601e+02,2.215563230256776421e+02,2.216825079793337636e+02,2.365360508882209274e+02,2.399950026698820693e+02,2.265578630944718839e+02,2.236179735871899368e+02,2.226684915054183875e+02,2.301463223350559701e+02,2.288134180463659959e+02,2.245412960355488963e+02,2.352100194021916764e+02,2.241381729722898228e+02,2.262456821653970280e+02,2.279661508127146021e+02,2.239534419557971034e+02,2.162648583410644108e+02,2.290143470450507834e+02,2.310450766835261618e+02,2.230449483651504750e+02,2.241239663693951627e+02,2.286258379446997537e+02,2.213152825712273852e+02,2.067223657650460211e+02,2.161703667758865777e+02,2.175683819400409789e+02,2.229985264629183348e+02,2.251222342425309648e+02,2.410388470964991541e+02,2.344082866754545762e+02,2.406223332460363338e+02,2.333876771884417280e+02,2.244391829772814333e+02,2.399010531406920563e+02,2.403485838715323837e+02,2.251757234951813302e+02,2.393987603016798289e+02,2.538538631687324880e+02,2.265687728735414055e+02,2.220738935897231840e+02,2.357364874188687054e+02,2.361823555730007342e+02,2.367912937423923267e+02,2.419471961984421569e+02,2.463967662350794683e+02,2.327008668054340035e+02,2.261467885989647471e+02,2.432677573540996718e+02,2.330841367228854324e+02,2.447503058464614867e+02,2.372095138228704911e+02,2.408233975012224164e+02,2.454180928802333597e+02,2.464106483541505099e+02,2.447527560116049585e+02,2.287478905789909618e+02,2.290703193622430547e+02,2.261150297284070803e+02,2.137389684684385429e+02,2.159483826141339478e+02,2.059154614550706413e+02,2.122615804849458812e+02,2.422807735123649024e+02,2.047624025069139861e+02,1.655744042186433944e+02,1.473560067452821727e+02,1.406040982008595108e+02,1.356914043356825630e+02,1.349499424300461214e+02,1.362638460794048001e+02,1.425467042569800924e+02,1.488244117633784640e+02,1.493009809920633302e+02,1.430169842280665193e+02,1.375636976020984150e+02,1.325137963119456401e+02,1.306202174863269647e+02,1.330652675658526221e+02,1.381763096335724867e+02,1.455565730211966695e+02,1.592579510369371292e+02,1.641535496918137937e+02,1.577722751961067900e+02,1.520375627174344402e+02,1.509691861298003346e+02,1.540314833365715117e+02,1.661665298441548657e+02,1.723337791632997096e+02,1.745641480240875865e+02,1.786810985286448670e+02,1.803796236269006101e+02,1.757913870873422297e+02,1.684199883611370296e+02,1.708869338587567199e+02,1.839772251630750475e+02,1.687667520922223616e+02,1.744766301577845127e+02,1.626900458879138682e+02,1.673256204335741018e+02,1.703072269411062791e+02,1.628646127664573839e+02,1.487107905757927426e+02,1.621867950871984192e+02,1.737576308955757440e+02,1.628518756688243911e+02,1.512970847729979198e+02,1.524278254214569301e+02,1.562568272879760798e+02,1.594968718194168105e+02,1.654143274988044823e+02,1.691399571539166686e+02,1.616008567255126707e+02,1.635224926101794267e+02,1.551189370428474206e+02,1.517753553013605483e+02,1.352244016962303022e+02,1.322430371715628894e+02,1.215912425029873276e+02,1.261563591193643390e+02,1.294457709695644780e+02,1.150056591554445617e+02,1.181943332996783766e+02,1.192023829396566015e+02,1.121202200425692865e+02,1.145684570043615764e+02,1.262688607304784085e+02,1.200631619298586799e+02,1.163789752488222291e+02,1.265128365589538788e+02,1.309138982008799701e+02,1.228567127856139649e+02,1.318245781487759416e+02,1.425606146860621379e+02,1.492702659094508988e+02,1.596954378940562549e+02,1.723550874739958658e+02,1.621342511777710911e+02,1.563052735758665506e+02,1.674615507893008441e+02,1.725655584913043299e+02,1.576525301495215103e+02,1.425190077564050455e+02,1.390875243469816667e+02,1.428422368995587988e+02,1.392949504719501874e+02,1.503651933326834751e+02,1.522398166283581702e+02,1.672520366033758705e+02,1.645455328916343376e+02,1.440461457658132076e+02,1.490930999574447355e+02,1.497953389284442096e+02,1.464168920069193689e+02,1.522597863304063708e+02,1.340623009090545565e+02,1.459905691836998471e+02,1.357723148332925973e+02,1.476433224459203757e+02,1.500110045319086112e+02,1.451369235091952135e+02,1.612122097618512271e+02,1.521665628489815276e+02,1.593253386823270148e+02,1.689398461858987730e+02,1.555151229030065849e+02,1.585976049656226792e+02,1.757940763746385642e+02,1.659804197269611450e+02,1.610809198864159271e+02,1.658444791912997971e+02,1.677718662114546078e+02,1.662105853972481952e+02,1.677628248377293119e+02,1.706481063386457606e+02,1.805017988495878853e+02,1.867777559017566773e+02,1.767860268286121936e+02,1.772311846871899661e+02,1.544783463891936890e+02
2.024939244033812997e+02,1.914952761840361006e+02,1.802672394062523722e+02,1.755628137245759604e+02,1.816248114257651878e+02,1.880467751339312485e+02,1.828857829874943093e+02,1.751725311108596372e+02,1.857892505075806184e+02,1.944791808333844756e+02,1.797990075980378322e+02,1.747125365658684188e+02,1.804678284055019617e+02,2.012304875193258056e+02,2.192886276425821848e+02,2.067156262846118295e+02,1.953060533139757524e+02,1.968900320456032205e+02,1.995153378868080836e+02,1.843267290390114681e+02,1.824230619865616063e+02,1.844188495045263778e+02,1.841911788481372980e+02,1.775101317211397429e+02,1.811862207042450166e+02,1.872287129911382237e+02,2.011469044806231921e+02,2.141288307686299675e+02,2.226821740263080471e+02,2.247676898294405703e+02,2.160808200482775590e+02,2.231192610508745702e+02,2.082798523588572266e+02,2.094265785668827107e+02,2.196221045314748324e+02,2.184147949308867851e+02,2.226140890416037905e+02,2.253679797082234018e+02,2.098139786094218948e+02,2.104932471956268785e+02,2.151118764120927267e+02,2.200845717280320457e+02,2.229933274659070150e+02,2.113340633848530956e+02,2.142229180070839334e+02,2.170391601197119655e+02,2.243703167952170077e+02,2.143193376880960557e+02,2.103711909380566283e+02,2.172294923961850373e+02,2.155891070243489764e+02,2.138296048482673655e+02,2.201742085793731007e+02,2.238306876240620511e+02,2.401791923828106974e+02,2.281267243402556062e+02,2.154866349798999750e+02,2.071868669453706957e+02,2.084022311161231755e+02,1.944503054714363088e+02,1.969479191316451079e+02,2.008436061785529603e+02,2.039471010226470753e+02,2.171284985545783854e+02,2.372736640682041980e+02,2.365707571646044016e+02,2.255837048707132340e+02,2.396094724085710936e+02,2.196580265095498987e+02,2.106892528413663115e+02,2.276030445947140208e+02,2.306710585377149698e+02,2.189769810143436644e+02,2.218054574828138357e+02,2.473671727099375346e+02,2.278901084943391311e+02,2.216615995938840342e+02,2.323133311938289580e+02,2.175454192320863740e+02,2.140220873810066848e+02,2.365330144407702733e+02,2.714933645284079375e+02,2.313611042418449983e+02,2.170178218031551296e+02,2.323942103927086293e+02,2.299829664416283492e+02,2.342100152884798661e+02,2.486398379505214393e+02,2.360058155001006810e+02,2.342988851483629844e+02,2.278412025901885727e+02,2.253142225201233373e+02,2.197140575607842834e+02,2.114701325438654749e+02,2.085919720801443873e+02,2.066633476234074180e+02,2.046899899192793271e+02,2.048027607625817268e+02,2.097053030385702357e+02,2.174956611282827055e+02,1.695507550183941703e+02,1.349907982254468664e+02,1.177086065951176153e+02,1.110163032365479410e+02,1.075855630531889489e+02,1.031680383353208583e+02,1.019462992997201098e+02,1.099071502966815359e+02,1.208358170747523843e+02,1.256390810013755441e+02,1.191517516488756741e+02,1.107311747274245022e+02,1.040623857654903048e+02,1.008684361726706697e+02,1.026055137049564223e+02,1.065848404194538261e+02,1.162228417244616878e+02,1.388594635553542389e+02,1.630504827291180163e+02,1.376896214382549033e+02,1.265857616288966341e+02,1.273926141735351365e+02,1.318530245064271469e+02,1.424503770188175338e+02,1.586539327458756929e+02,1.666570944791109810e+02,1.585430328537244407e+02,1.554881168917009120e+02,1.544310369337035809e+02,1.484387980923414148e+02,1.475472955689651826e+02,1.603299322774992675e+02,1.432694511743405599e+02,1.448958119126371855e+02,1.476910693431096036e+02,1.524981197405640216e+02,1.277995681765319915e+02,1.169983809484615307e+02,1.200056025652574618e+02,1.298057166893104579e+02,1.497837413272212075e+02,1.349055783078865147e+02,1.162934803521899170e+02,1.112382228007320180e+02,1.177139028570152561e+02,1.337224353790823557e+02,1.375957910502514778e+02,1.369929073722391024e+02,1.309970787826460707e+02,1.256427928497111566e+02,1.286410235274825311e+02,1.344433506694105347e+02,1.288413679022000053e+02,1.545071520272515500e+02,1.430232122485119817e+02,1.338356507080500535e+02,1.179521916024701795e+02,1.348792713570584283e+02,1.425409091375786943e+02,1.355036585195330190e+02,1.370031601204942433e+02,1.238023355828314038e+02,1.172881450970343593e+02,1.231301971242287152e+02,1.519745809847420048e+02,1.471974547265141950e+02,1.429210951028499323e+02,1.374592212250279033e+02,1.397370622687027719e+02,1.398495858989009548e+02,1.254404691652887038e+02,1.221937158279453115e+02,1.255555444380025989e+02,1.220232284114584047e+02,1.275570503214085250e+02,1.284099855563193557e+02,1.340246080975469738e+02,1.212386981084753188e+02,1.064951919791888741e+02,9.912728182613155070e+01,9.769311800941508750e+01,9.657981483439337467e+01,1.095379633686009129e+02,1.212569912943508115e+02,1.351826172663728585e+02,1.412332353503347235e+02,1.332692053695610355e+02,1.430881093287101749e+02,1.395267476382983887e+02,1.272020610652319874e+02,1.272259086137359816e+02,1.177736303808499514e+02,1.214079520819818896e+02,1.142052487577390423e+02,1.212672630770294120e+02,1.253284258839397012e+02,1.267275580972667228e+02,1.437993166279073591e+02,1.486363580210697251e+02,1.678467667021196235e+02,1.598155229794563752e+02,1.506928124003642893e+02,1.455290817954144416e+02,1.450891060077523491e+02,1.426976487749096236e+02,1.629164585991380250e+02,1.470993611933673719e+02,1.523521302441038188e+02,1.658121975269959307e+02,1.678832580444765767e+02,1.608301820892768603e+02,1.546726872487256799e+02,1.437396902688788032e+02,1.362963690917039798e+02,1.370810445112579998e+02,1.207366289266870609e+02
1.797607331503036789e+02,1.420317820863894838e+02,1.324028265233197033e+02,1.384065318980713073e+02,1.359849412502109374e+02,1.397615945906328818e+02,1.318175361613190546e+02,1.299242935998732662e+02,1.356672834083396140e+02,1.421610479608750666e+02,1.396786861868576466e+02,1.440685625167020021e+02,1.506061261933049877e+02,1.660212555938770436e+02,1.808993227632204537e+02,1.709814977421642652e+02,1.519866547511286967e+02,1.513680616267572532e+02,1.514627988584565514e+02,1.502789892716774887e+02,1.457596145364402105e+02,1.456286058134695054e+02,1.489299175828803072e+02,1.549558071052995558e+02,1.509164559036266837e+02,1.523405013267014567e+02,1.636961011293247452e+02,1.846164705624577493e+02,2.031305824699678055e+02,1.871723107694983810e+02,2.062165127177256920e+02,2.432383343702362595e+02,2.350460258695888740e+02,2.134086233236409385e+02,2.239945042048658479e+02,2.196416666493595073e+02,1.886374984113605251e+02,1.876501542728678373e+02,1.891610312853406981e+02,1.917541251834819889e+02,2.057090168565842419e+02,1.982098349985677714e+02,1.926291981306919467e+02,1.994550444729116521e+02,2.123431667791309678e+02,2.298668652383571782e+02,2.210522506183745293e+02,2.216776993381864713e+02,2.325665616987741942e+02,2.462336681098320810e+02,2.487560990172857487e+02,2.637190821764972952e+02,2.715964499880035419e+02,2.684394697697657648e+02,2.381143790088160586e+02,2.429311698922582252e+02,2.637915767647796770e+02,2.377460711409379428e+02,2.272407405022828755e+02,2.269194704201572677e+02,2.227533060634301876e+02,2.053283233620906287e+02,1.929974863471133801e+02,2.078321004881889564e+02,2.524964103224582459e+02,2.331143232941494432e+02,2.236113929100976065e+02,2.108789070566380985e+02,2.099959654453702456e+02,2.337325154785305585e+02,2.538770779225905017e+02,2.600314192374084996e+02,2.279523413572692050e+02,2.299761642320195278e+02,2.274546714243059569e+02,2.318428891289624971e+02,2.480587528809251410e+02,2.410136421622491980e+02,2.411668293461468693e+02,2.370895235342449041e+02,2.350918352732997505e+02,2.503581544223183357e+02,2.561160556588966983e+02,2.451767238745943018e+02,2.572736348153508743e+02,2.359756340510781740e+02,2.304156291538131427e+02,2.220000303897734284e+02,2.249787457775016719e+02,2.396253488960093136e+02,2.594831504912278319e+02,2.788015233513801263e+02,2.385330182446658114e+02,2.401697596216241379e+02,2.563090451237574712e+02,2.307017847091300382e+02,2.274216086797482035e+02,2.067757918737569867e+02,2.134902333116975228e+02,2.129704956097430113e+02,1.920586077236921767e+02,1.768904944172775231e+02,1.714264163992289127e+02,1.706357767626956274e+02,1.716730110709910093e+02,1.587247815280410066e+02,1.500340089611713097e+02,1.624739130321311222e+02,1.859695055660538685e+02,1.954403819176097841e+02,1.876372463826256194e+02,1.768428825481365152e+02,1.654776790039350090e+02,1.588061503592568044e+02,1.616328477875823353e+02,1.604072003328778919e+02,1.637789373550284608e+02,1.813219718278134280e+02,1.919781537730929415e+02,1.790624513686959460e+02,1.742512113741454698e+02,1.854475871784074457e+02,1.835156241384003124e+02,1.847425724885060845e+02,1.822371447429713101e+02,1.946280528072267089e+02,1.897334530637368459e+02,2.004432665722154354e+02,1.909174008801968796e+02,1.673645476102232124e+02,1.564866111281148449e+02,1.636200882493657787e+02,1.620530635920364944e+02,1.354009293509390943e+02,1.261660009979689789e+02,1.275655178876865818e+02,1.192846359353198551e+02,1.160691814113446583e+02,1.252352024017600058e+02,1.209063847981232414e+02,1.129554536754890108e+02,1.184725061061060956e+02,1.078947946890854581e+02,1.041733569072299019e+02,1.017500785487306700e+02,1.121561684259768299e+02,1.365172908993644398e+02,1.164630894182157874e+02,9.812438797790538558e+01,9.936184440565978093e+01,1.147532033761454926e+02,1.578085044286073639e+02,1.569000794649627437e+02,1.574909015869938287e+02,1.348802102602927846e+02,1.324372957305593275e+02,1.440390969688132827e+02,1.320849796059239907e+02,1.171792446022385690e+02,1.220053782477860551e+02,1.479072950587424771e+02,1.471493763993160258e+02,1.430998614122013919e+02,1.616310450805634389e+02,2.003339873787004422e+02,1.695286937857141538e+02,1.577983053682350203e+02,1.611432623387628382e+02,1.653463580318648383e+02,1.669680133159046136e+02,1.642206719493445064e+02,1.554618948744281397e+02,1.532331582076385246e+02,1.453517373304474631e+02,1.486882195199059140e+02,1.479058950262972871e+02,1.491443691152001065e+02,1.187094497672993612e+02,1.100278325346268389e+02,1.006012179856356568e+02,9.997500224208025088e+01,1.003390105677882076e+02,1.083931219169003555e+02,1.082605218384288719e+02,1.124565193241680561e+02,1.170410386717948512e+02,1.130747484369869937e+02,1.140398206703863480e+02,1.096845008602110312e+02,1.045504814293705493e+02,1.034203006835051184e+02,1.039379944077998488e+02,1.010731788394435284e+02,9.838434880833553109e+01,9.833381769866230115e+01,1.008067749582803287e+02,1.040045341641077101e+02,1.114150141170319444e+02,1.168535114979563900e+02,1.206720082247777697e+02,1.152705773825434505e+02,1.099779578562728943e+02,1.063007995232110687e+02,1.072017164343353528e+02,1.176732480316125589e+02,1.444040912395078067e+02,1.291527814064519362e+02,1.233133072609757477e+02,1.248970926773470609e+02,1.144564296266924401e+02,1.144419768516998204e+02,1.303851602028312300e+02,1.021263219227724619e+02,9.174103187170624096e+01,9.417495042180192399e+01,1.069506528554709632e+02
1.610774795426589492e+02,1.362610157029863558e+02,1.365071151291471381e+02,1.218096892780464060e+02,1.266740416657314228e+02,1.372000077582574420e+02,1.372796336769864922e+02,1.378465995298656992e+02,1.307628519847261828e+02,1.378634215797777358e+02,1.362874201552099862e+02,1.418165601802980120e+02,1.488314955427458699e+02,1.632492075561601155e+02,1.584241726722945600e+02,1.610059745369075586e+02,1.507626623253731282e+02,1.489519899776313423e+02,1.463429675578604474e+02,1.460597286798056587e+02,1.502318840969497273e+02,1.474335217590537184e+02,1.469866083733796813e+02,1.549169966610951121e+02,1.570278140203918724e+02,1.474178577891491102e+02,1.655901495548776836e+02,1.711391646509533189e+02,1.611738623222916544e+02,1.587827657720054617e+02,1.551356958036582796e+02,1.643198412115969518e+02,1.877996999976273571e+02,1.928214077787975498e+02,1.559397495972921774e+02,1.524288141537504089e+02,1.716953959504500062e+02,1.686067137133343294e+02,1.602924748942426163e+02,1.784162950003204173e+02,1.913897596206221863e+02,1.873624668312935455e+02,1.664686200023251104e+02,1.588072483733153888e+02,1.744658283279054558e+02,2.036040334872666620e+02,1.934192025767935661e+02,1.556971286094245954e+02,1.500764877785567819e+02,1.716572753753537484e+02,1.894570040037965555e+02,2.004340484527855892e+02,2.071914049527701991e+02,2.334405079574129900e+02,2.126614844274063216e+02,2.088756716507240583e+02,2.005392302142351468e+02,1.689213362166422883e+02,1.397701471851230508e+02,1.214410798648325738e+02,1.315817419221777129e+02,1.513133488063081700e+02,1.426729094686504311e+02,1.436433294211271630e+02,1.343885373980745044e+02,1.524185061726307708e+02,1.630174586316235832e+02,1.344921697309117974e+02,1.213564784830531380e+02,1.124030819359198574e+02,1.024583371827569493e+02,1.047290041473130486e+02,1.162022703926511298e+02,1.371072037126251928e+02,1.453325903007147133e+02,1.710867564498277034e+02,1.718931763811204121e+02,1.329171648330249127e+02,1.192587943358358302e+02,1.278315837300728788e+02,1.117445839428643097e+02,1.190378111903308849e+02,1.507898121953099917e+02,1.665894271944465856e+02,1.699815504367603296e+02,1.723721578793391416e+02,1.716209593393809598e+02,1.554183735867568714e+02,1.292689145801132611e+02,1.410155275374330017e+02,1.702705192347984564e+02,1.620809976786073889e+02,1.775113167789094177e+02,1.943726012962945049e+02,1.680335412061854470e+02,1.544393433429044080e+02,1.509853086796295543e+02,1.330762398274031852e+02,1.417820737664953015e+02,1.099381825591610209e+02,9.402242228873762997e+01,9.432671977808136887e+01,9.931665865488119493e+01,1.207744286067932507e+02,1.608595246846744544e+02,1.772720980233063699e+02,1.655766794351162616e+02,1.395160042069723545e+02,1.267198530481361729e+02,1.158436605626207268e+02,1.103029856628179743e+02,1.137626650912334583e+02,1.187642487281245280e+02,1.269570300450127576e+02,1.408077868809426150e+02,1.495702377460847856e+02,1.503219036990767563e+02,1.410398455446882622e+02,1.318806428700993365e+02,1.398113201582988836e+02,1.374028333307171295e+02,1.344961429275861349e+02,1.336563108180722850e+02,1.367026009383257872e+02,1.502385698471172475e+02,1.660625432397575310e+02,1.714020159326149439e+02,1.655135355024400496e+02,1.835072034633734006e+02,2.033522318967104354e+02,1.765691686898242949e+02,1.598207048485910775e+02,1.661909440892783607e+02,1.505315633384075511e+02,1.453716650610786303e+02,1.396362304052798038e+02,1.398568087764531072e+02,1.527779553565340791e+02,1.080291688597812225e+02,7.209868921998653946e+01,6.950022263254363963e+01,7.956373759861284611e+01,1.072007802595347528e+02,1.144853273566749863e+02,1.113893035353859489e+02,1.184769510551955705e+02,1.108554730869076792e+02,1.017507303745720435e+02,1.038517686705356766e+02,1.010738165284086989e+02,1.202982030137571883e+02,1.337388510381320543e+02,1.310797862196046992e+02,1.151050246810661548e+02,1.019537617901961113e+02,1.085340778193223059e+02,1.266784149342322792e+02,1.333105931034252194e+02,1.172002839717978162e+02,1.049574251538454632e+02,1.100518412392668495e+02,1.148442170290808093e+02,1.252974027813442319e+02,1.273680293920639031e+02,1.281818635450939041e+02,1.287223879584521740e+02,1.348893091787737717e+02,1.398432619609718301e+02,1.358845632562505443e+02,1.447943260955430560e+02,1.569796680574807510e+02,1.626195637002203114e+02,1.805349961325763388e+02,1.754889080346414971e+02,1.787379955279187413e+02,1.801454125497415930e+02,1.257837062318964030e+02,8.536781746233201318e+01,6.457952680341374219e+01,6.269484166329174002e+01,8.615248219370076299e+01,1.236824714484759511e+02,1.329595504583965919e+02,1.075938553941902711e+02,8.909648665804226653e+01,9.040338954556283113e+01,1.007502264518419253e+02,1.158264275349318950e+02,1.253173678387483250e+02,1.090358815409898767e+02,1.045531359691239288e+02,1.061361177416637247e+02,1.048783424736228795e+02,9.976491901487263192e+01,1.016456832360689191e+02,1.127556132554281021e+02,1.272783822321746214e+02,1.401904594111242375e+02,1.449377573394237402e+02,1.424149637139946663e+02,1.373176525528818388e+02,1.380790653116283124e+02,1.345433831583932260e+02,1.332319885653981828e+02,1.303356150431861806e+02,1.352147225572688853e+02,1.482302852054083644e+02,1.474354224056311864e+02,1.449060595789592867e+02,1.240457897675563004e+02,1.188576630518392960e+02,1.236664882382500821e+02,1.184373842193972592e+02,1.169960184647929964e+02,1.176656241174372468e+02,1.350383620842356152e+02
1.695194272301914680e+02,1.769852345737615451e+02,1.661439328546594538e+02,1.325136307217034926e+02,1.350792454037520258e+02,1.456428870997845308e+02,1.319005597845417981e+02,1.399321268282036783e+02,1.446605290729375497e+02,1.615379413484034785e+02,1.567016138282882309e+02,1.683643696254263489e+02,1.698735030774588211e+02,1.644189963690127740e+02,1.639493003264175854e+02,1.828676775485766655e+02,1.893078545982659762e+02,1.575623877728481830e+02,1.209619718531438650e+02,1.051091706427557710e+02,1.165517587544083113e+02,1.222670690103648639e+02,1.238191453585927633e+02,1.105511520265871610e+02,1.193081071406114120e+02,1.239004176955836130e+02,1.258926137210901146e+02,1.547963659960391283e+02,1.557640345189413722e+02,1.268961833717512064e+02,1.151683815947546492e+02,1.030186415013666306e+02,9.560444025571588611e+01,1.008482723276081430e+02,1.203234826992870126e+02,1.326063913847383731e+02,1.521235355240197862e+02,1.331997910160254719e+02,1.063288573932939300e+02,1.128420807840398083e+02,1.261057605393438195e+02,1.170188489718840827e+02,1.247124599895159065e+02,1.248599846606783643e+02,1.207165925584501593e+02,1.219009693424743546e+02,1.414275951220338925e+02,1.206861923607935267e+02,1.160004879658755499e+02,1.338207422750589330e+02,1.205342792955602249e+02,1.360345675023802130e+02,1.532427929694820534e+02,1.538448853447099509e+02,1.670216712120685827e+02,1.665769933282945772e+02,1.644176277156229844e+02,1.224544812131610314e+02,8.192518609747017422e+01,6.116675483464075569e+01,6.377916972696440467e+01,7.514647558402828054e+01,8.712045806593734198e+01,9.109793735213762034e+01,8.159801567246455534e+01,9.484126475789345534e+01,1.342039225380801213e+02,1.004018041906388419e+02,8.499501246879033545e+01,6.793159917422624972e+01,5.777960949530302059e+01,5.483945829173320163e+01,6.576880210624845802e+01,9.241378677167945455e+01,9.498874480073109794e+01,1.038967140753665319e+02,1.144548088982351288e+02,9.904421843155540728e+01,7.068153216661433191e+01,6.265316085255553702e+01,5.422915669323040788e+01,6.205905062742699130e+01,8.589839556156012179e+01,9.601063039327964077e+01,1.032502440962223034e+02,1.278211653944246535e+02,1.171355681445149770e+02,9.831235428669512544e+01,8.682563275076634568e+01,1.013516035162415392e+02,1.028370958919182669e+02,1.061982884524524309e+02,1.269661507885840450e+02,1.349989484890102744e+02,1.126540118726052242e+02,1.022896186977907576e+02,1.073979604329200868e+02,1.087330611115726811e+02,1.177856458759724205e+02,8.183856193499975973e+01,7.222343936056287816e+01,7.549189156624568398e+01,7.905205576238975596e+01,1.076397003611993597e+02,1.219316161832871757e+02,1.214806550058607684e+02,1.253507109049889863e+02,1.214621501273711885e+02,1.042698179255086046e+02,8.726568575035119579e+01,9.342487894703785400e+01,9.877836676783883263e+01,1.036522831243216416e+02,1.174341440244792807e+02,1.262915873933948916e+02,1.403648073667604308e+02,1.443369560048592177e+02,1.237988884560361953e+02,1.135436560364443466e+02,1.237276731689203189e+02,1.211326040664755936e+02,1.204172663162967893e+02,1.119804294202116353e+02,1.159974233933881891e+02,1.329797492270909061e+02,1.466020043182838322e+02,1.504409961725021105e+02,1.430224071306826090e+02,1.596862756949869322e+02,1.789361041422684480e+02,1.702707075716670886e+02,1.546884805157060612e+02,1.529225154450402897e+02,1.504105790521683446e+02,1.458499215515472827e+02,1.487541645564895134e+02,1.584370826167281052e+02,1.505727647640717350e+02,9.495126815497552286e+01,6.576189026686533623e+01,6.013835832715659535e+01,6.941713016507874556e+01,9.025153611291166555e+01,1.103426334459859532e+02,1.277545364932844905e+02,1.403172790973051463e+02,1.076713377391685071e+02,1.002952796643592279e+02,1.225698571313944285e+02,1.220902505937100244e+02,1.151613132021065411e+02,1.306132172175770449e+02,1.128108763952969724e+02,9.624074166405442554e+01,8.762292474952458576e+01,9.091261360840105965e+01,1.037354031740382396e+02,1.086374982476878159e+02,1.030639041187537543e+02,1.010494839303429444e+02,1.051134778475298646e+02,1.133784167995695498e+02,1.184375947990056801e+02,1.326915199927407230e+02,1.240841419463589403e+02,1.194336208859038067e+02,1.301861395048135535e+02,1.366856602181143217e+02,1.356057554484097238e+02,1.448123878337146664e+02,1.454854845845214300e+02,1.634953797701259930e+02,1.766719378886095342e+02,1.668122248136044163e+02,1.652744118541778278e+02,1.902197334762724381e+02,1.297952391950373396e+02,9.705784070192953550e+01,7.247746273922456339e+01,5.901005789035975369e+01,7.288111179984643684e+01,1.152889440256358853e+02,1.319630756110710195e+02,9.991114585273297166e+01,8.122270221742782326e+01,7.753751066458323749e+01,8.998185049696431292e+01,1.135255403136818728e+02,1.148762343399570369e+02,1.005281466245664035e+02,9.174989771443867426e+01,9.094581727290039908e+01,8.817692888642389448e+01,8.366493158586416712e+01,8.847016291896426310e+01,1.023261190076358105e+02,1.218743614506698805e+02,1.372604390001758361e+02,1.584417272128795560e+02,1.719181515119123560e+02,1.560245941240000320e+02,1.654076860335665629e+02,1.518286658224234600e+02,1.321608691433108902e+02,1.262595735497635729e+02,1.295348043996334866e+02,1.386133094563632540e+02,1.492986697380507621e+02,1.548419792244292523e+02,1.651772839839962046e+02,1.550476463250938650e+02,1.323458114772840020e+02,1.358673797846926732e+02,1.627262849889389997e+02,1.418514117530740748e+02,1.191649056027302294e+02
1.820146719698857396e+02,1.858847270477486404e+02,1.771499459496993154e+02,1.842617370495795512e+02,1.718494730743147727e+02,1.740644838014621314e+02,1.585538657550943356e+02,1.644221399494144578e+02,1.829863474389032092e+02,1.872020444010352946e+02,1.767848953330696418e+02,1.875550636804516387e+02,1.921748311986931128e+02,1.784633595935083576e+02,1.904786180487403726e+02,1.854109927203753330e+02,1.950150912192959538e+02,1.688365555190873692e+02,1.137635037905283468e+02,9.219141752528136635e+01,8.877753403869319015e+01,9.463605021653182803e+01,1.026769117581787185e+02,8.623472170153189609e+01,9.198222438326313011e+01,1.018613747437668167e+02,1.003876590748136124e+02,1.097668807131583861e+02,1.196663415580377006e+02,9.517300825490644911e+01,7.627971124443354256e+01,6.384350496045655632e+01,6.157555662319031597e+01,7.406061004457738761e+01,9.768331442854395164e+01,1.230322904491205946e+02,1.133658015185709900e+02,1.121117720164904910e+02,1.057112360658429253e+02,9.076892449813692565e+01,8.189981911847033302e+01,8.355753991858560425e+01,1.041314505473796856e+02,1.069040860747631143e+02,9.232697087883467191e+01,9.129546423166601699e+01,1.005047044985396667e+02,1.040537763374852034e+02,9.571374939714827690e+01,9.516072232295782385e+01,9.822273588221347040e+01,1.212927614629376762e+02,1.149085243064503317e+02,1.129836442784956887e+02,1.269702621646379299e+02,1.351229911775751589e+02,1.325175240940749006e+02,1.211311302046616447e+02,9.539605459873219218e+01,6.965900179036492545e+01,7.291886139007678480e+01,8.065815012758983471e+01,9.427114735967911940e+01,1.017136955207282085e+02,9.593074068658476961e+01,9.009951500707633443e+01,1.016012743694171832e+02,1.001924729160949852e+02,1.022086875551549525e+02,8.967590667026394158e+01,8.606185254768277559e+01,7.762010977266146483e+01,8.540575074806211830e+01,9.586208467463856664e+01,1.001736704968531342e+02,1.073367544278620471e+02,1.140343058477450882e+02,1.007470096100833956e+02,8.177509969460702166e+01,6.959535215449447776e+01,6.723535124747233738e+01,7.780652563659829468e+01,9.297375444080877571e+01,1.050494854891358898e+02,1.092768208224603512e+02,1.224219574245850879e+02,1.218965563357670021e+02,9.994012773778469239e+01,9.295385215872889262e+01,1.021004031434142263e+02,1.076852164035888535e+02,1.210765619053952094e+02,1.430447921502675968e+02,1.447858608443097523e+02,1.195467039188998086e+02,1.115210056242871133e+02,1.169043609663453367e+02,1.281598262806688524e+02,1.263522822371949701e+02,1.088982848103153600e+02,1.158097141446762208e+02,1.323209130592209704e+02,1.228852553795905749e+02,1.450513202037499525e+02,1.385665495295987455e+02,1.340505915954396983e+02,1.421550014008845153e+02,1.677184288945982473e+02,1.437676362187496011e+02,1.241489175489917187e+02,1.424449126145475759e+02,1.614421420634988351e+02,1.685397893358951364e+02,1.967095884553883138e+02,1.897739589475030471e+02,2.003809992825283928e+02,1.995470456129311856e+02,1.703684770634707775e+02,1.545630156493009508e+02,1.770843658727641809e+02,1.703460547990455325e+02,1.783011089693866325e+02,1.628805012980939750e+02,1.663194850759592782e+02,1.885228684379426056e+02,1.972002135298673124e+02,1.958308743922298731e+02,1.765210531563953964e+02,1.877611649105032541e+02,1.851790278759326611e+02,1.930246953295648211e+02,1.925830328428777420e+02,1.851106665544922407e+02,1.870125647566738962e+02,1.890236021131864845e+02,1.977668847726317267e+02,1.994497655835968430e+02,1.685218128515880665e+02,1.452674889336294655e+02,1.347299689834258061e+02,1.393136000672739669e+02,1.380461358267408229e+02,1.338422378704055689e+02,1.496351074612705077e+02,1.823931549740178752e+02,1.787959826628268729e+02,1.671053543752355779e+02,1.593141099307439390e+02,1.665303032702106236e+02,1.609889410835403396e+02,1.538202379243357996e+02,1.501598581588409047e+02,1.470494523581493240e+02,1.566304356829177209e+02,1.491876965691826058e+02,1.477761190784669338e+02,1.397809573486837564e+02,1.320587548727565945e+02,1.419626908217303196e+02,1.643165237673591150e+02,1.739340839011010758e+02,1.708378437082444634e+02,1.650725511936591374e+02,1.802017425954967393e+02,1.705703399460112735e+02,1.657555307224141927e+02,1.761030197723426909e+02,2.119834920920499712e+02,1.913674912087013809e+02,1.885610713813213124e+02,1.798878985703866533e+02,1.793827244091333455e+02,1.732719152251354728e+02,1.800448283237590488e+02,1.818859202774567052e+02,1.757359110609727395e+02,1.738730155783782720e+02,1.674798024987894109e+02,1.465439980098067565e+02,1.271299467343583558e+02,1.255688931707800577e+02,1.474761683172389439e+02,1.766087272682958655e+02,1.649126008889699051e+02,1.589508461536899517e+02,1.447789482795978415e+02,1.517943655275790888e+02,1.870163552128444167e+02,1.733000863984407545e+02,1.702468585754543824e+02,1.602091520175118831e+02,1.560069669024033487e+02,1.492458491133641303e+02,1.437228354493010443e+02,1.537153902316158849e+02,1.677717735624166835e+02,1.887047063607676023e+02,1.804881516862659794e+02,1.834539245303569999e+02,1.904887824953418942e+02,1.958019074679112919e+02,2.217516193400238933e+02,2.010240159190741167e+02,1.871275255578730423e+02,1.969899858093351099e+02,2.164569785202787955e+02,2.013702755759926504e+02,1.892450234807890297e+02,1.858217471792087565e+02,1.952357547433000491e+02,1.828090171491842568e+02,1.775548703416540945e+02,1.854819965862375568e+02,1.771544879772583272e+02,1.625488657733939704e+02,1.226149347188505487e+02
1.769351883154584755e+02,1.514947720604393169e+02,1.477337834605633873e+02,1.715081677577104529e+02,1.645829228017859123e+02,1.310022449019357111e+02,1.042094471596841174e+02,9.516884379043611375e+01,1.064734626019339601e+02,1.290007032362964594e+02,1.196476168292151243e+02,1.202650585082392638e+02,1.328651253567730919e+02,1.589050468836013579e+02,1.647106465907607742e+02,1.535577682033412259e+02,1.429877578570832384e+02,1.380521193050417992e+02,1.358481121150422553e+02,1.374503019875383529e+02,1.142000860335603818e+02,1.122195467469373398e+02,1.229050672157625002e+02,1.142370317111446809e+02,1.191378400981747774e+02,1.200987337392104166e+02,1.198079897845930191e+02,1.243259933242704562e+02,1.296890923745305599e+02,1.142273511348873853e+02,1.064482214210322297e+02,9.728291129465821996e+01,9.789682966894353910e+01,1.185665020142437243e+02,1.331302887217603086e+02,1.458545982920518043e+02,1.373777466234208191e+02,1.273809187510032217e+02,1.228874087914174993e+02,1.154851651210627779e+02,1.131487460501099349e+02,1.165932131015244266e+02,1.201101470910234639e+02,1.365118362646413459e+02,1.330834136669021177e+02,1.351984152328080881e+02,1.270455696157482066e+02,1.192906221585206765e+02,1.195112916735260171e+02,1.241480455955282878e+02,1.366254481995839569e+02,1.345744043108103654e+02,1.341111206278942234e+02,1.452680361148265717e+02,1.610699622695559015e+02,1.573681610655878842e+02,1.484924615484389676e+02,1.484022464569847557e+02,1.244569661577715465e+02,1.234040460670949102e+02,1.364169855365309729e+02,1.353914164132994244e+02,1.436459214418835018e+02,1.395195753245951664e+02,1.403726095759300279e+02,1.278308909099280726e+02,1.151232675789414088e+02,1.258679709572381711e+02,1.440068889887342038e+02,1.454742238300937345e+02,1.457858050430684216e+02,1.472551276372233815e+02,1.474505996578086808e+02,1.506266762190400073e+02,1.474783999443154698e+02,1.354638284799273720e+02,1.403142182599637522e+02,1.373367460883260094e+02,1.409494223704789420e+02,1.540977664914008187e+02,1.652084702925141357e+02,1.491501890940941450e+02,1.402600441868032135e+02,1.309527864330239311e+02,1.412955572884471280e+02,1.462632865536498343e+02,1.518615587729535150e+02,1.443949984831622828e+02,1.380780248091614624e+02,1.359686822483077151e+02,1.329754083618513221e+02,1.284195007844488146e+02,1.209847164017241994e+02,1.231866344255208077e+02,1.266097170381704586e+02,1.255120581084678406e+02,1.449507419167406681e+02,1.529079310420067372e+02,1.336314085024448843e+02,1.193497170556029801e+02,1.369460890526706578e+02,1.248456959029871598e+02,1.051967727889340836e+02,1.064343283800086510e+02,1.121151095235640867e+02,1.266058928643408734e+02,1.146671940115391095e+02,1.132118506740210364e+02,1.011040644204014995e+02,9.400731308077760673e+01,9.252823936339524380e+01,9.995339285360839199e+01,1.038076913234203147e+02,9.999515511730190553e+01,1.051337224375442929e+02,1.119186804155872892e+02,1.110740322091709800e+02,1.079685893938460879e+02,1.062379271651365116e+02,1.006451348710167792e+02,1.017854534407654938e+02,1.135050475818756297e+02,1.240749923436051887e+02,1.290177724811439361e+02,1.279878831265473309e+02,1.319783656500950997e+02,1.368968207577983662e+02,1.333919043889319198e+02,1.251718160236866879e+02,1.250084378573288575e+02,1.426811214150336014e+02,1.598495180269395632e+02,1.339741358139784779e+02,1.252522960147116464e+02,1.234613677943852679e+02,1.247192507368961429e+02,1.318678473673396070e+02,1.444151582069059145e+02,1.406371675422736303e+02,1.319202393390879990e+02,1.231195079436955808e+02,1.263972254758618163e+02,1.356599604428843406e+02,1.338525629112284037e+02,1.259808877681440009e+02,1.197394585682127541e+02,1.203952050067362052e+02,1.156258935488235693e+02,1.182982523044498322e+02,1.208586483635608602e+02,1.302483387392313148e+02,1.379214588769754641e+02,1.294353311193013099e+02,1.275340688105696643e+02,1.100162605747845959e+02,1.207601830707999397e+02,1.139049156163839314e+02,8.712754422857872783e+01,7.644307984184389682e+01,8.657724954295811415e+01,1.046302432549372554e+02,1.088951710123298255e+02,1.052149624665326257e+02,9.301914598863908168e+01,8.428824879173951956e+01,8.562328546438706667e+01,9.795792661908188848e+01,1.113762975706746943e+02,1.235772684245679187e+02,1.445033960593023323e+02,1.311239630757262375e+02,1.189064552716377534e+02,1.157060876540651861e+02,1.294679083576253333e+02,1.445805431458015562e+02,1.342547835768280606e+02,1.484080367036933126e+02,1.444281196652080439e+02,1.515764704920843542e+02,1.528543627039348394e+02,1.379100916553981335e+02,1.413981393360215293e+02,1.722462881196836975e+02,1.580598003130041320e+02,1.464440384829172217e+02,1.608496889799306473e+02,1.750022457333568013e+02,1.750604038470238493e+02,1.833823294588486306e+02,1.888123952860773898e+02,1.925864900866363598e+02,1.782870838165432019e+02,1.626704180614623283e+02,1.816837369630128478e+02,1.871656350639566710e+02,1.791590878574091619e+02,1.558715380776930886e+02,1.598734286572894803e+02,1.568549132273608961e+02,1.605075705636734824e+02,1.710753339754255649e+02,1.625902255450906182e+02,1.679674020223662581e+02,1.555629472166957612e+02,1.578138540402647720e+02,1.720948693132476706e+02,1.636583997225123994e+02,1.882729112234080446e+02,1.721828535152961877e+02,1.427984273132457247e+02,1.595902915170505310e+02,1.506657510458204001e+02,1.460529190355129003e+02,1.681596841691259101e+02,1.588252212254588471e+02,1.388375034250847762e+02
1.414080650059161712e+02,1.411499855480552128e+02,1.535739098984092834e+02,1.614184824387369588e+02,1.628531804440600581e+02,1.530731704021584960e+02,1.137442657811071030e+02,9.833665228474100672e+01,1.081557027110127507e+02,1.246079626481924834e+02,1.146561307241931473e+02,1.166833119976137425e+02,1.411920333412927846e+02,1.682719768739302708e+02,1.471106671850379257e+02,1.365028875550938494e+02,1.349517078414384912e+02,1.368290299340249589e+02,1.455043391766666616e+02,1.282950399714369780e+02,7.276153633579252755e+01,5.447373913805924417e+01,5.348003288262955124e+01,5.220049936657961354e+01,5.639884548807189901e+01,5.736175196569011092e+01,5.594795065863704764e+01,6.305939263870985911e+01,6.273621911546079843e+01,5.201208297493711541e+01,5.000164207927223714e+01,5.138218477981402543e+01,6.147549334965904677e+01,8.520144028777943390e+01,1.024261691810310850e+02,1.144328466777846529e+02,1.114442346517403450e+02,8.710490756869981510e+01,6.954395958278783496e+01,6.118329115115665218e+01,5.784263043852705977e+01,5.744895758542842401e+01,6.317759072745295157e+01,7.991725898937841066e+01,9.754747334984213580e+01,1.040952138939975669e+02,9.091278007674138451e+01,8.989458671735116013e+01,9.442059832224549609e+01,9.426346128644127020e+01,8.257667564526002479e+01,7.389626421594222450e+01,8.499883571218978773e+01,1.031310057777305644e+02,1.066384248752313937e+02,1.100981723134788410e+02,1.285429783859934787e+02,9.637757839921017933e+01,6.768004724572448083e+01,6.110594166483221557e+01,5.826146273031785938e+01,6.462342945462239641e+01,7.868345742614089033e+01,7.990632967587755786e+01,8.775723889755080620e+01,7.569283880011838050e+01,6.279360253063126152e+01,6.482030885628300609e+01,6.795444449931503073e+01,6.489734838484223189e+01,6.493646416320412129e+01,7.157257766741491878e+01,8.145189857836011527e+01,8.257920847702149558e+01,7.274384162141930688e+01,5.706886488297980975e+01,5.101138789147576347e+01,4.992954091356168789e+01,5.209541509454957975e+01,6.018204521407342611e+01,6.823056931496353172e+01,6.885833125393928356e+01,6.509882862753006805e+01,5.998088663154078404e+01,5.864753820879617763e+01,5.763872873454624823e+01,5.718698315115292274e+01,5.493327259508008353e+01,5.396609933666313452e+01,5.458161707762509707e+01,5.269574214301304238e+01,4.817271929168405364e+01,4.401172198626174747e+01,4.319483009510226168e+01,4.492195329748699351e+01,5.138623864065753821e+01,6.678468346553266599e+01,8.123578303122748423e+01,8.895456509492844077e+01,7.278387537737350499e+01,7.458388327976402365e+01,7.943514379580069829e+01,7.231906311694368128e+01,9.312053952867591988e+01,9.732175421587247399e+01,1.093524882187142850e+02,8.997971707468356328e+01,9.225345223272944395e+01,8.491332548775029920e+01,8.712540482101717032e+01,7.253563250969662590e+01,8.210330571764762908e+01,9.023345395771903554e+01,8.511072026479155284e+01,1.024116182331162292e+02,1.066366949479517956e+02,1.054945289579400196e+02,9.308443709841093039e+01,9.442849263298747076e+01,9.050528410567527260e+01,1.007038438176847990e+02,1.113898558130890848e+02,1.278788513096979784e+02,1.282645371247054982e+02,1.203448241619760637e+02,1.205270048009826525e+02,1.408734617089122878e+02,1.389925565848603526e+02,1.291205138060163335e+02,1.299535366094859512e+02,1.377805993110343934e+02,1.411739440791775735e+02,1.362081193944814288e+02,1.312842977663742374e+02,1.268533010024570302e+02,1.281676461629003541e+02,1.300972095560147181e+02,1.592476933410809465e+02,1.441790889970930039e+02,1.356185684052799445e+02,1.232273601639293901e+02,1.259615588517553135e+02,1.368151879697405775e+02,1.276688588356613678e+02,1.336974713991689327e+02,1.267366012114013643e+02,1.313931643097392055e+02,1.224270297704906625e+02,1.172831288377314394e+02,1.204761084538905322e+02,1.234297693723999600e+02,1.273548820549441416e+02,7.994509954905080917e+01,5.471500485728459040e+01,5.025350025217502292e+01,7.436442927338694631e+01,1.160469409516736903e+02,9.100610663907502840e+01,7.648243748232717110e+01,8.622542872336347841e+01,9.648571728170686868e+01,1.007835920568170707e+02,1.096134043053851741e+02,8.616984789504607534e+01,8.369289431631338516e+01,8.170022466560145347e+01,8.985485590002787148e+01,9.503439464831321004e+01,9.988734585434058033e+01,1.235501579683992617e+02,1.279549623550531123e+02,1.126811205730498244e+02,1.115522181045780741e+02,1.288719911696394718e+02,1.502142841142956797e+02,1.259645451921492736e+02,1.353351051359832127e+02,1.307286502210714048e+02,1.157664677729137850e+02,1.310686397549493449e+02,1.149562040425993388e+02,1.213146194075289657e+02,1.576678172393196178e+02,1.514014262191298599e+02,1.336787111179096712e+02,1.396445101937548827e+02,1.321815789722442958e+02,1.114078028448734443e+02,1.143848341803270188e+02,1.315151788759129090e+02,1.273277271414720815e+02,1.060276952303496785e+02,9.432321537578604875e+01,1.021414060651545412e+02,1.049249532623460368e+02,9.421871793731058631e+01,8.528978163855830985e+01,8.943706567984060030e+01,9.665799186581639901e+01,1.086961321572684227e+02,1.225520182740824566e+02,1.326345320397391845e+02,1.031613709573836815e+02,9.555708426417177748e+01,1.168372931405456967e+02,1.229069283664865537e+02,1.175203413885483030e+02,1.165471255053056865e+02,1.042376796347809886e+02,8.372240438926350237e+01,8.264744231310267253e+01,8.000137959879577920e+01,7.874032491318283178e+01,9.757278896210532082e+01,1.070396976109198874e+02,1.029385647695964963e+02
1.696758745209046140e+02,1.742601473058024339e+02,1.834502093857810792e+02,1.753253202575247371e+02,2.008943962551701077e+02,2.118591589464561480e+02,1.963359420061046592e+02,1.832727833669288771e+02,1.865221213854461269e+02,1.926289171421294668e+02,1.846089224011637384e+02,1.769313168609022568e+02,1.939116707160140720e+02,1.881578477985881648e+02,1.918373232129643782e+02,1.943915847543604229e+02,2.077122981365270391e+02,2.021053918477365414e+02,1.968637736551329454e+02,1.274872261113187335e+02,7.773898657296010128e+01,6.124956882504876177e+01,5.832308386488067242e+01,5.733231837312677470e+01,6.102614369979887243e+01,6.526779142278266477e+01,6.797731230320519558e+01,7.473362067586351998e+01,7.441767412820892957e+01,6.306364330497149950e+01,5.793089476940915006e+01,5.946320565843598871e+01,6.867214832361058541e+01,8.616072613193585994e+01,1.039386906731071605e+02,1.191367817606685833e+02,1.263050071545288517e+02,1.049711733197232064e+02,8.704752940071969647e+01,7.336281482350712224e+01,6.327494230969888633e+01,6.165192010006032319e+01,7.124446519314869875e+01,8.701981777551122832e+01,1.020495096705931388e+02,1.042072415130623995e+02,9.750896448375087289e+01,1.056899124006703090e+02,1.162126363280294186e+02,9.696639948312798651e+01,8.341093541110002718e+01,8.031262290458467135e+01,8.929961140726790347e+01,9.917937671825711732e+01,1.043275634832282037e+02,1.143353065357153469e+02,1.373030901008018532e+02,9.649761814323322540e+01,7.252805045205488454e+01,7.349142567959148664e+01,5.670274782962120952e+01,6.399727390463219479e+01,7.963963454850647850e+01,7.942490019166449144e+01,9.829362570204560257e+01,9.094990271547243310e+01,7.273594191619501714e+01,7.411099402501284317e+01,7.089726129138706767e+01,6.712216523666073442e+01,6.816507156524029654e+01,7.851843514030230153e+01,9.676763423574907108e+01,9.841133271107835867e+01,8.523292238322285641e+01,6.438045775406342841e+01,5.818408604071407098e+01,5.782034152606927790e+01,5.750328603331147548e+01,6.428326041594191054e+01,7.327143040872817892e+01,8.040216014705384850e+01,7.905406743523555235e+01,7.420146700680052732e+01,6.892164880967278862e+01,6.494492552576880939e+01,6.470074993672051278e+01,6.272033893407668614e+01,6.331853972368340067e+01,6.672250833772727674e+01,6.538612067354732460e+01,6.011337879571489395e+01,5.651622535791614155e+01,5.484203944818690957e+01,5.506571699245002804e+01,6.184211758210523158e+01,7.873605894790375714e+01,9.106027136533823807e+01,1.010512829538387081e+02,8.806150771633963359e+01,8.358637820704173294e+01,8.811208306699003856e+01,9.315700233968682653e+01,1.127070879314504737e+02,1.248953377709743933e+02,1.191958788610117068e+02,1.077671149992041961e+02,1.010653672320533900e+02,1.058678277126928720e+02,1.128501376738492894e+02,1.067139537962267752e+02,1.141927371114603744e+02,1.267843414801987336e+02,1.253392174468642963e+02,1.376621314679264287e+02,1.371025581456531199e+02,1.333104696082359908e+02,1.370832888014289210e+02,1.425579978202377447e+02,1.435043651625557857e+02,1.635850125026208275e+02,1.556150965098867687e+02,1.542106042619876689e+02,1.525742345879697837e+02,1.454028041361084433e+02,1.515616423019629337e+02,1.673142255400533145e+02,1.683138928693399521e+02,1.379457725044767926e+02,8.893126847405399360e+01,8.383858179511202025e+01,1.176572041123749699e+02,1.409713508065269991e+02,1.321081200798138582e+02,1.385157525378458274e+02,1.527929257812957644e+02,1.486330876043329567e+02,1.490376610846676328e+02,1.440961904215535867e+02,1.530678883886912161e+02,1.552257249440646376e+02,1.676749923016122636e+02,1.697486548085858260e+02,1.679355918800110885e+02,1.857047428322308065e+02,1.593171293606519612e+02,1.449086611229904520e+02,1.490592911170010950e+02,9.655580239089201200e+01,7.006907644703322546e+01,6.878152487351307798e+01,9.330329646881385486e+01,8.340962000442809199e+01,5.977863403920673591e+01,5.105611103500887538e+01,6.529302087954725664e+01,1.221762892789977855e+02,1.182327075101785567e+02,1.096695567487171559e+02,1.202170600656240538e+02,1.088660566387057145e+02,1.025193759233603004e+02,1.217896332648856799e+02,1.304048369299344472e+02,1.360525873727523276e+02,1.267411071573582149e+02,1.182215025064184459e+02,1.296012100097450173e+02,1.260533668768383393e+02,1.294333875831718785e+02,1.311100440441095714e+02,1.446253096417016195e+02,1.515410126091939844e+02,1.412513301941915245e+02,1.392341614202950097e+02,1.573688872411690909e+02,1.577296462340468111e+02,1.399230061791711535e+02,1.236092312322687690e+02,1.307350523081020128e+02,1.205177674848005438e+02,1.224035957970483395e+02,1.336161721668715359e+02,1.389061767963687828e+02,1.320005382882177400e+02,1.393256872953810728e+02,1.251335243562580928e+02,1.175319284762581304e+02,1.199006692519074022e+02,1.391692552715178977e+02,1.288309940389692088e+02,1.061595664452069343e+02,1.009409188913946309e+02,1.091700861176782809e+02,1.152927911761932194e+02,1.020406153786533707e+02,9.401413430887700429e+01,9.436453191024244802e+01,1.036969050169699500e+02,1.132238473275930062e+02,1.208690908058048876e+02,1.387733060203725586e+02,1.102299739421323892e+02,1.032324030627839306e+02,1.160192163920523285e+02,1.289475531695940447e+02,1.388236111417832603e+02,1.215886694606500953e+02,1.055049012276656697e+02,9.236680695265705765e+01,8.551886991047500430e+01,8.094058887046999473e+01,8.631549699256292740e+01,9.970899071119953305e+01,1.167036788304613424e+02,1.079771895145876641e+02
1.976970341961466033e+02,1.813966801857196742e+02,1.880349307952824915e+02,1.849741830635552446e+02,2.036734217339960367e+02,2.389465792334886487e+02,2.225616050308505578e+02,2.401343480589275146e+02,2.001366176230829694e+02,1.823335441265241172e+02,1.885577432164842264e+02,2.052044277942427755e+02,2.165999475646769099e+02,2.295811494694682438e+02,2.212831767755297960e+02,2.129401140728325004e+02,2.234129269595266862e+02,2.155903757710174773e+02,1.757020179810645288e+02,1.640465585583909842e+02,1.605424410004335414e+02,1.633396261550026338e+02,1.671832289763482606e+02,1.679661216792203504e+02,1.751117409961917133e+02,1.826252574661450865e+02,1.886232475106000663e+02,1.863065733490666958e+02,1.903157413725337221e+02,1.803855265715846201e+02,1.775128898909626400e+02,1.779541360842432596e+02,1.805232667801894877e+02,1.854059084538653792e+02,1.888197518407791904e+02,2.061808182630176702e+02,2.216704778128519706e+02,2.280698835467896686e+02,1.995729463442839631e+02,1.864924640579502579e+02,1.724299424703181103e+02,1.729386412457507163e+02,1.798822043351199795e+02,1.938278524505038831e+02,2.027496014381112275e+02,1.959204459963482066e+02,1.974693165000784632e+02,2.120393451759292418e+02,2.090502833398137170e+02,1.846752657914040583e+02,1.869273872201869153e+02,1.892757517835149770e+02,1.882015094505375146e+02,1.965275093892007305e+02,2.053830151614394026e+02,2.103486065382696211e+02,2.035845654911747147e+02,1.614051095499572739e+02,1.469318754054927751e+02,1.292447601067325422e+02,1.185088878836555040e+02,1.243626402468764383e+02,1.291395955726212605e+02,1.274759408397553102e+02,1.406749677818070268e+02,1.561077567978788068e+02,1.563436981731388471e+02,1.610790084425971145e+02,1.646293174137220490e+02,1.678678881334799939e+02,1.738625534250971896e+02,1.825667912568209488e+02,2.006302596742428079e+02,2.049838123391487272e+02,1.769665792635450714e+02,1.676169385790243211e+02,1.686814358571407979e+02,1.750623118873916155e+02,1.689746746453916728e+02,1.730533041168141608e+02,1.898497653605400046e+02,1.931346079209014874e+02,2.158691987409470414e+02,2.001401473498675045e+02,1.912397872090843975e+02,1.809196997660077386e+02,1.814648686305211811e+02,1.846372421744349879e+02,1.878122070824430523e+02,2.016319988009453823e+02,1.968572329587883587e+02,1.963628024046903136e+02,1.916585601319298178e+02,1.895579623013468904e+02,1.705113474329741621e+02,1.575090582458529127e+02,1.761786504873951458e+02,1.947975765764588800e+02,1.787139534114366484e+02,1.564534303080408222e+02,1.074075881026539605e+02,9.212165970584663910e+01,1.037889818557447228e+02,1.328211007597499531e+02,1.010623357381285814e+02,8.239617897031526184e+01,8.404050475712361390e+01,9.882463694974265422e+01,9.536634344524210860e+01,8.657198914241179466e+01,9.525933102166344213e+01,1.119298295297063248e+02,1.244914624244758699e+02,1.245311099619874824e+02,1.198082037132531212e+02,1.172750607850051949e+02,1.249634792304558744e+02,1.422387618049980347e+02,1.320716908527724627e+02,1.277158626019454886e+02,1.345218434150364715e+02,1.388551195953929493e+02,1.385451044284844784e+02,1.377724665961024471e+02,1.405334631567390602e+02,1.541118076140682547e+02,1.476645171241881656e+02,1.223674411940587987e+02,9.391459760862984751e+01,6.003659058888286637e+01,5.291430231301279719e+01,7.986911393432990280e+01,1.014362553958103206e+02,9.546323159094723110e+01,1.078514426792942658e+02,1.172806808198237150e+02,1.106700448077202594e+02,1.129759005114447916e+02,1.148776644544066130e+02,1.133051626509170404e+02,1.154682014224293880e+02,1.167852480747911272e+02,1.335515632965399959e+02,1.725244137691372259e+02,1.456899186910101207e+02,1.376910646870485095e+02,1.474445580603110955e+02,1.523613743455649399e+02,8.289351324871662996e+01,4.824990842592152518e+01,4.937813048657283588e+01,7.557134788991581331e+01,9.639725727480767148e+01,1.131370326344502786e+02,9.269242553287418218e+01,9.621590976647728155e+01,1.354053121932988404e+02,1.213775162348195096e+02,9.856514174265777228e+01,1.091375613285068908e+02,1.261726359211627795e+02,1.324835127876011427e+02,1.263619733046904940e+02,1.260481878259783457e+02,1.324467103481729851e+02,1.391080897419646760e+02,1.340326612349828679e+02,1.155365031799942699e+02,1.111897691247214794e+02,1.257852067605417261e+02,1.409035170757487379e+02,1.404610821570689438e+02,1.537386660284688844e+02,1.471960660483503034e+02,1.450600968979726417e+02,1.682019995100552876e+02,1.524156554654470597e+02,1.593895159808623418e+02,1.280799212665797029e+02,1.146200321538269407e+02,1.069443574762213274e+02,1.027705950779288031e+02,1.038659533932502370e+02,1.041445747928720493e+02,1.009210278147482001e+02,1.068667352039670817e+02,1.190020079463506733e+02,1.343569638162545345e+02,1.310623641630508018e+02,1.388897320070463195e+02,1.530397911929815677e+02,1.470064234191136165e+02,1.374713452158940754e+02,1.293773571186218874e+02,1.288195393030887317e+02,1.277122076984334313e+02,1.288670031862976657e+02,1.320615756699482120e+02,1.321181537362045333e+02,1.354653992430952485e+02,1.428247325234929406e+02,1.634175336279967041e+02,1.703540042507873977e+02,1.763506790605690924e+02,1.466635412319753868e+02,1.311207620128564884e+02,1.422102594922367302e+02,1.427655689342996936e+02,1.571956819322080605e+02,1.696500993785799380e+02,1.535358371623862013e+02,1.386024655290764827e+02,1.465600823914743103e+02,1.345403460416885650e+02,1.168966604435719177e+02,1.242593695980537802e+02
1.226570614903063046e+02,1.191068710063029101e+02,1.176217796992559386e+02,1.288268386582017797e+02,1.546363363564487088e+02,1.515399978893285038e+02,1.479675540456669296e+02,1.532925066712366515e+02,1.513665002381005706e+02,1.440579170234848903e+02,1.524999381850868190e+02,1.607937401738776657e+02,1.597863880703465895e+02,1.427537527116165847e+02,1.483572778011250080e+02,1.866895461296254837e+02,1.838843062785638551e+02,1.740309131619538618e+02,1.529425644763819605e+02,1.549304930524255326e+02,1.758001570851998849e+02,1.744391188676789852e+02,1.651919228575982288e+02,1.761817682412082888e+02,1.795065948008181067e+02,1.907885447097122835e+02,2.021303328777971728e+02,1.954292656916460089e+02,1.871851062521249105e+02,1.963928709371855916e+02,2.118451786666261398e+02,1.930902095332999124e+02,1.958014800544023046e+02,1.898296724747252995e+02,2.085229194353484274e+02,1.956100065935108603e+02,1.804526318506735549e+02,1.933833248620261998e+02,2.116998922251396493e+02,2.022645186311447389e+02,2.073762582305057549e+02,2.027233357329813828e+02,1.858188276295232129e+02,2.086898289465327139e+02,2.199594616968998366e+02,2.148763882054517751e+02,2.121529080508459515e+02,2.123572937632218327e+02,2.164330223626033103e+02,2.098498350922072007e+02,2.135775658515425448e+02,2.162254061076106382e+02,2.306126324553274571e+02,2.401607421537518974e+02,2.423184766884791941e+02,2.187128664377190717e+02,2.014683444507944330e+02,1.542333639474153131e+02,1.548954864794627042e+02,1.422931090049696934e+02,1.193949574309221902e+02,1.162211999620577245e+02,1.380003368502785293e+02,1.335370739827004343e+02,1.372225539040202307e+02,1.386517396318006377e+02,1.425936550230661908e+02,1.421142045598931531e+02,1.555447921425777622e+02,1.641799199982459925e+02,1.649448870083372469e+02,1.870055907900600403e+02,2.244096928562945266e+02,2.004786368847621816e+02,1.875923403893890224e+02,1.807291721677543137e+02,1.817270240881356926e+02,1.974876248826872143e+02,1.946871338251576162e+02,1.913871433409788665e+02,2.049234487239933458e+02,2.304483347383038279e+02,2.108378684072840485e+02,2.028167688718018269e+02,2.149629139440542644e+02,2.055226012199328522e+02,1.905357929133944879e+02,1.941408546574442369e+02,2.100927905302901877e+02,2.252821116192398279e+02,2.291661446085132638e+02,2.364577256215210355e+02,2.234231446874562437e+02,2.110843956239968122e+02,2.129653829315380449e+02,2.128754506144606466e+02,2.009263940754572104e+02,1.855106666289202622e+02,1.889166006457857350e+02,1.610773410081879717e+02,1.264482624390197287e+02,1.094077997225684129e+02,1.140101857315421228e+02,1.322378483951125645e+02,1.127135367713575533e+02,9.986070161198256301e+01,1.062885129391542733e+02,1.356095598111175491e+02,1.244968934465640729e+02,1.090502032317052254e+02,1.145599357152826769e+02,1.356395989885083964e+02,1.663754203684346180e+02,1.593365240569737580e+02,1.470638200414087748e+02,1.538915100106754608e+02,1.748441974887886943e+02,1.981200204038153743e+02,1.570587128616573978e+02,1.434243295299427245e+02,1.484956446305005215e+02,1.623781098877369971e+02,1.771342717443885704e+02,1.790014439550285203e+02,1.763935302394270934e+02,1.791936874868944756e+02,1.705346882810814293e+02,1.420957381069702308e+02,1.185717722564946399e+02,9.017333445392878843e+01,7.923901862759502990e+01,9.711381740962104914e+01,1.158435504516716463e+02,1.022081521256135517e+02,9.033160679061936094e+01,9.245363244432989802e+01,1.194885967639059317e+02,1.304665895812225074e+02,1.223380712048175383e+02,1.287459418890281313e+02,1.382699675339862893e+02,1.240210822761877552e+02,1.205644089230139429e+02,1.396794361664111648e+02,1.131731806395286242e+02,9.577134705719133478e+01,1.044141197595089778e+02,1.338996105066254643e+02,1.050431060092182349e+02,8.621918721255738660e+01,9.600427474137181605e+01,1.351892989471264741e+02,1.355453731869236549e+02,1.390732181703849619e+02,1.430981736397183681e+02,1.276070909563358384e+02,1.391274964816394686e+02,1.306576392600558165e+02,1.205227992515822848e+02,1.385880520460947309e+02,1.500957698567830221e+02,1.564776100954377966e+02,1.479342749420231655e+02,1.554491593623927770e+02,1.768827087470615425e+02,1.627004221861472786e+02,1.458401559391667774e+02,1.330618849101867340e+02,1.322496919675914171e+02,1.377235777669110917e+02,1.452076973644731197e+02,1.455981442860339428e+02,1.533932640219054520e+02,1.519959528667479276e+02,1.479232213952661823e+02,1.519815756804474063e+02,1.677910550838957988e+02,1.564427023500737732e+02,1.517316229944713086e+02,1.570191145762077838e+02,1.538115041511018148e+02,1.475033697973620406e+02,1.411490085942108408e+02,1.426728871619345398e+02,1.394124211563724032e+02,1.397480863171672922e+02,1.404641417990306422e+02,1.202049211124636088e+02,1.112139059086458843e+02,1.254832994636990975e+02,1.370658108819379208e+02,1.260136265308314165e+02,1.380940701927723637e+02,1.349427344241143487e+02,1.277207908704852883e+02,1.349058659582021278e+02,1.395752177945269921e+02,1.333842416248521658e+02,1.151473278995091221e+02,1.267254666913925689e+02,1.418214557874768502e+02,1.474418883527568198e+02,1.254393323167051477e+02,1.113266412440365514e+02,9.820611528804333545e+01,8.510285677663462423e+01,8.218357764158268708e+01,8.986192907943927821e+01,1.167779370505848249e+02,9.721075645347609395e+01,8.784726829153795791e+01,1.042741274946797034e+02,8.930003958597151836e+01,8.564068247799202993e+01,1.025092035957421217e+02,1.194724151549782789e+02
1.089607317802346103e+02,1.024121359989687647e+02,9.504932369482183674e+01,9.107816691455093405e+01,9.314035116268112802e+01,8.870425431317438836e+01,8.503292698077913769e+01,8.778043699483663431e+01,8.440186556177673083e+01,7.983447292202012591e+01,8.355318992503137565e+01,9.017775419200054898e+01,9.605961660347529119e+01,9.539063978494877460e+01,1.104131236034674686e+02,1.541844755993402885e+02,1.456829037443564516e+02,1.328662810112051602e+02,1.271388190219636556e+02,1.386016433634088116e+02,1.322321993378521370e+02,1.366938391098952934e+02,1.151417848716284453e+02,1.204984044803776015e+02,1.013362335822940850e+02,8.758663587841246567e+01,8.777443133200229397e+01,9.889685872095250829e+01,1.275950666469328638e+02,1.270928783522371788e+02,9.446991764874310604e+01,8.375768143077783634e+01,8.901539925489919369e+01,1.153623460953507305e+02,1.082055466164495954e+02,1.063759231025324823e+02,1.328856817868034739e+02,1.216265032699375297e+02,1.074830806753718520e+02,9.548401785107276396e+01,1.032607427498036117e+02,9.225105162792739577e+01,7.634993266926169042e+01,9.456441574889743151e+01,1.036071249881158423e+02,1.004987688859490476e+02,1.201621458111248018e+02,1.446681947617711614e+02,1.465426240330533005e+02,1.112712140097710432e+02,9.914211489266106980e+01,1.102538451717111769e+02,1.258116503996257620e+02,1.443180902302954962e+02,1.521592710533537343e+02,1.445299817088425414e+02,1.312600154165186552e+02,1.195213965503527760e+02,9.467835005768412771e+01,7.431862386551289035e+01,5.916632205789630916e+01,5.555745272513571109e+01,7.594271571312451385e+01,7.250433445999738069e+01,7.648694809902912084e+01,1.010720049889455936e+02,1.020528828909810954e+02,9.187044742125797825e+01,9.833013104876687294e+01,1.083768639511746841e+02,9.105291930165708436e+01,8.832302478356625386e+01,7.091898460072842170e+01,6.454954409988484088e+01,7.070105829415336984e+01,7.786921069433509501e+01,8.033096489133930618e+01,8.782047068280967039e+01,1.108220422438598121e+02,9.494391807908607461e+01,1.053410928170119831e+02,1.041880831729161656e+02,1.007136793664342349e+02,1.080777388926890694e+02,1.178635425113338187e+02,1.144628363702216234e+02,1.246715651640860045e+02,1.428548057793187809e+02,1.410051404933904280e+02,1.544153273997473832e+02,1.684061873431552954e+02,1.490222519537811650e+02,1.470738908303830499e+02,1.421602936673027955e+02,1.591562936598215572e+02,1.660785475741151629e+02,1.605790619450839927e+02,1.478516312021272370e+02,1.535279330507634938e+02,1.463315039013697572e+02,1.543129652645704937e+02,1.571941845013615193e+02,1.414269503444470217e+02,1.479911353061473562e+02,1.552961765978475341e+02,1.593849562590298490e+02,1.573110316175302046e+02,1.520446619818308704e+02,1.637129819245407134e+02,1.616028811242647123e+02,1.587099836295416253e+02,1.640072106939463765e+02,1.648339579747044468e+02,1.751171075165097761e+02,1.943125600761674718e+02,1.932648136349698689e+02,1.729217818622228151e+02,1.729414704971145227e+02,1.809368502482270742e+02,2.003889020322500301e+02,1.934030600317151141e+02,1.886226089104023913e+02,1.892436078912098765e+02,1.976537685549998855e+02,2.056088760264873372e+02,2.210633139104708107e+02,2.238755934522328346e+02,2.182417110236991391e+02,1.944709555614410306e+02,1.739244449174464648e+02,1.618182376459371028e+02,1.635568242325019241e+02,1.463806507030936928e+02,7.444433908891610940e+01,4.742282692118132559e+01,5.120154189181761950e+01,8.657650301081358180e+01,9.209919129202717158e+01,7.540796428536958729e+01,9.093520738864020814e+01,1.080635525104831061e+02,1.010011128488876579e+02,8.041598121546074651e+01,5.986635541245461667e+01,5.448659300956903451e+01,4.518483407277521735e+01,5.412594631458505745e+01,6.674841777630248885e+01,7.378679968423281821e+01,9.348759423759486253e+01,1.085052767443638686e+02,9.445676148287634533e+01,9.903264136860313727e+01,1.147578129600603631e+02,1.467675228322166845e+02,1.436630046763936832e+02,1.292863278898760200e+02,1.006921040839964121e+02,9.335590822800047306e+01,9.694478855666476136e+01,1.088995080734057552e+02,1.132351601301870119e+02,1.076388417766921890e+02,1.088068681620476923e+02,1.358634735993503284e+02,1.441966237638987991e+02,1.391549772652323327e+02,1.083751124189668076e+02,1.053607818805274121e+02,1.188551395214817177e+02,1.107304430511929496e+02,1.117306632341654193e+02,1.270586311875921979e+02,1.272036049568561680e+02,1.313616105947537278e+02,1.441940230294268304e+02,1.450027097325792056e+02,1.376433274409435512e+02,1.376710592108653373e+02,1.564862289036199172e+02,1.567893049673160988e+02,1.588656964497245667e+02,1.303459497593272545e+02,1.274654360912410169e+02,1.627127285706369548e+02,1.612385952051830031e+02,1.303726905319659295e+02,1.229108817651896004e+02,1.147334808891341140e+02,1.260942583090365332e+02,1.345962390135043165e+02,1.069758153405664984e+02,1.000225132942133541e+02,9.718553267980800570e+01,9.308840330728240531e+01,9.686247639650733277e+01,1.000931499466273351e+02,8.637178486177947434e+01,7.354940754300680794e+01,7.550101931775985520e+01,8.671954289586429354e+01,9.346629332187872308e+01,8.558619717389692028e+01,8.495181478648515849e+01,9.601596253839662154e+01,6.604641769850371702e+01,6.622031002691153390e+01,8.947918595414138565e+01,8.476398671654327188e+01,6.396018836273445629e+01,5.474054204171447680e+01,6.818568840896155336e+01,6.157357210029459793e+01,5.897584267550983839e+01,7.499894283270454309e+01,6.014599962640061648e+01
1.358611095836412517e+02,1.278393092966336582e+02,1.250390029218059169e+02,1.220830178296259589e+02,1.115605692259467787e+02,1.115467822406436085e+02,1.039596819475020766e+02,1.043342514423738976e+02,9.890231223472110855e+01,9.382669746888207385e+01,9.980106117164291391e+01,1.069470073262870784e+02,1.151357186102847834e+02,1.226442161829486537e+02,1.354385064847701585e+02,1.616500923911532084e+02,1.771526624693316592e+02,1.665375902902164569e+02,1.315950392197436258e+02,1.163762367748823436e+02,8.540187333823016047e+01,6.981504273846570641e+01,6.554408214992983517e+01,8.165271130183737114e+01,9.273650529912721652e+01,6.511669278736272304e+01,4.693178482546534980e+01,4.704195682448646920e+01,5.673137378331693270e+01,5.437041626018660168e+01,3.797700595065830242e+01,3.126593993453150588e+01,4.020128314927273294e+01,5.863021226975629929e+01,6.370332907764143471e+01,5.951143140332209214e+01,5.770210220619990338e+01,4.390112978547549005e+01,3.618957326343841885e+01,3.151904618359395371e+01,3.186783600927341453e+01,2.879632162897871339e+01,2.648791347101228411e+01,3.745018486164139659e+01,4.068860282342918566e+01,4.242787219648502628e+01,5.302445198275581362e+01,5.960133471456325083e+01,5.729201834159959361e+01,4.475708406073368906e+01,3.904721312970848146e+01,4.754794577766462993e+01,6.511019624215172996e+01,9.282427945363278354e+01,1.011348140545936616e+02,9.107465913427574833e+01,7.748101180237394203e+01,7.279685540612614147e+01,7.768915403534016662e+01,7.349710720767203043e+01,6.932398999819466212e+01,5.789464259633874121e+01,6.650117535061517060e+01,6.104422275496497718e+01,8.405365853985905744e+01,1.068187498797762629e+02,1.072640876904410163e+02,9.521818933641861804e+01,6.685195020357265605e+01,5.618917334539870723e+01,4.882202065003617264e+01,3.970694082035371508e+01,2.514802095683707606e+01,2.135749489342855156e+01,3.261866845209901555e+01,4.290374638697703347e+01,3.118378918310190784e+01,3.329380720830598506e+01,5.112755203142268812e+01,4.533966675400197488e+01,4.573814293036870993e+01,4.826459967709212862e+01,5.076479012773982902e+01,5.808931651128477824e+01,6.332571532537665604e+01,6.683844367240835993e+01,8.578389865817025850e+01,1.256853084768839039e+02,1.443367876993241339e+02,1.315487736364179625e+02,1.437236279244053776e+02,1.188642915639954083e+02,1.040860409281880408e+02,1.120789680913575239e+02,1.348710088401943494e+02,1.153260112711885910e+02,1.052092161538628119e+02,1.027814119471707812e+02,1.121621494276182318e+02,1.064334454716110230e+02,1.004909069942477799e+02,9.463302523376447084e+01,8.885235212336631605e+01,8.741441577627861648e+01,9.233068114528509795e+01,9.941102679012860222e+01,9.955944823366883156e+01,9.295516804970266378e+01,9.499614930564544579e+01,9.774351610993997497e+01,9.936046288507219515e+01,1.019120486871235585e+02,1.063616425723920145e+02,1.202066023680130940e+02,1.490138623298111611e+02,1.374926162452679534e+02,1.185110506603905662e+02,1.128016459426013682e+02,1.214811935911408369e+02,1.289652930554661339e+02,1.347363880070782614e+02,1.285241754849232905e+02,1.403093908210320819e+02,1.480985310614207719e+02,1.629030514523913951e+02,1.667026958698880037e+02,1.763853476014893999e+02,1.630721454390227336e+02,1.686411734153033137e+02,1.770188278129062383e+02,1.787874351442997067e+02,1.665533891461640792e+02,1.522538113162234765e+02,9.598192042494586929e+01,7.534401053173232299e+01,7.371261153311208147e+01,1.029471540331012278e+02,9.358482859765840089e+01,7.438465716839355935e+01,8.753513663687986934e+01,7.851184159290517073e+01,8.294142234967409877e+01,8.196695408442143105e+01,5.263180317385192808e+01,5.546502040007051448e+01,5.607128036068925780e+01,7.022727177324972558e+01,6.824670942101533910e+01,6.187775499138771806e+01,7.170500535342551984e+01,7.173515701146924073e+01,6.262259739451016571e+01,7.965300910905253318e+01,1.075833737951601847e+02,1.352171983982611323e+02,1.439024076110158035e+02,1.106871804900998768e+02,1.061904969503457039e+02,1.005790096599853314e+02,8.517981589680127286e+01,9.025980105380835994e+01,9.831447202482570447e+01,9.610498310738741168e+01,1.002641777272076524e+02,1.519836265784808802e+02,1.252365733751313144e+02,1.122899012608727958e+02,8.097352137016699203e+01,8.510647727592707668e+01,8.840888572419427760e+01,9.434094256291794522e+01,9.333024546329420446e+01,1.031406755732641329e+02,9.944034476158674352e+01,1.184986444685584530e+02,1.228159830828164303e+02,1.218755834066366930e+02,1.123726318136764775e+02,1.007563990352094123e+02,1.114052749274702165e+02,1.196549997189000436e+02,1.336136128854024605e+02,1.269445152063747599e+02,1.235641018240791453e+02,1.457396708395169469e+02,1.522079998051773373e+02,1.560684570849457771e+02,1.430156582132779306e+02,1.612609926168616141e+02,1.730688078469928826e+02,1.478389401081861365e+02,1.334618583314795615e+02,1.356839095533427439e+02,1.370562754135931129e+02,1.417360906611317830e+02,1.394836283002403263e+02,1.270731276765099267e+02,1.141489834155769358e+02,1.063084301562224994e+02,1.070003383136380819e+02,1.119928998249943533e+02,1.261234488367580582e+02,1.268728448612378941e+02,1.384818041474071890e+02,1.185607062135923968e+02,9.685444129479742514e+01,1.040649010168999951e+02,1.310358881489335658e+02,1.079214588311519094e+02,9.359309360721172766e+01,8.011705518916561175e+01,9.001550180561517323e+01,8.646151125219272160e+01,7.763699381071715777e+01,5.956274386494177264e+01,5.396049599436333466e+01
8.569838253900068992e+01,8.879244825025199361e+01,9.099160370350638516e+01,9.999779782577770959e+01,1.263997960698900158e+02,1.495571369084673279e+02,1.483983567283748357e+02,1.372903317258787013e+02,1.390037221112058035e+02,1.473666147003376352e+02,1.484244851356918957e+02,1.619653232975853712e+02,1.809991947274813242e+02,1.886243517396789002e+02,1.828960901561564185e+02,1.544363474455032019e+02,1.541009435409039554e+02,1.445773747290467952e+02,1.152611149296817530e+02,1.190636658531899030e+02,9.510530514157076709e+01,7.676135204759563635e+01,7.748106300142440261e+01,1.052346251651655820e+02,9.887676696291653400e+01,8.295926178104454607e+01,7.462917955991711949e+01,6.870212012690831216e+01,6.909583571018306714e+01,6.736915491150007540e+01,5.640711224990809569e+01,5.261347195526128218e+01,6.435597554162504252e+01,7.820949896246811761e+01,9.148355344997884231e+01,7.782601113198442988e+01,5.792424514570272720e+01,4.938163791217676390e+01,5.008147719027750355e+01,4.916222612359965893e+01,4.243223365885206277e+01,4.007550711484953609e+01,4.790722895406627657e+01,5.980352640205795467e+01,5.921503636970124518e+01,6.158667456992173328e+01,6.973734786938005925e+01,7.015104313333851849e+01,6.448207190758309082e+01,5.751026946048511235e+01,5.590860500814818579e+01,6.472098743810897759e+01,8.133849752507231301e+01,1.016956563992763733e+02,1.122940986200592874e+02,1.154150557616909794e+02,9.649700959176533388e+01,8.585645792143114363e+01,9.084576038254462560e+01,9.869355763058784703e+01,9.562793974824280951e+01,9.816564150693584168e+01,1.035409083681836933e+02,9.467510755553507806e+01,1.139626514976795164e+02,1.160368126540011247e+02,1.201667088408708395e+02,1.046428144402576663e+02,7.975212628688723271e+01,7.447669112289455029e+01,8.002336108371166290e+01,6.703599936034878226e+01,5.218740128228066766e+01,5.003191398978677285e+01,6.505541420451359613e+01,7.712932334133419943e+01,5.161532181202677805e+01,4.891774202322447707e+01,5.612142868758053282e+01,5.997534408411949869e+01,6.508664403003589882e+01,7.044532852301175296e+01,7.715061417754604634e+01,8.422715943292564589e+01,8.718312145993593276e+01,9.064716480986636782e+01,1.095689765429148395e+02,1.407864716794295816e+02,1.590944659623927464e+02,1.575741430554834892e+02,1.623385215363765894e+02,1.460612016663924351e+02,1.281031689005421015e+02,1.338589989578445056e+02,1.526046798167831184e+02,1.336288023652862478e+02,1.254056164709213874e+02,1.256612257138571636e+02,1.375777667978817362e+02,1.326713143111196018e+02,1.176857727457463625e+02,1.089722922878086280e+02,1.109708467331878126e+02,1.034720370365940028e+02,1.081681139549600346e+02,1.170763732455273072e+02,1.183810687446082852e+02,1.086609861837679034e+02,1.092230371635292983e+02,1.145926756518203007e+02,1.194474599589780013e+02,1.184954916110922056e+02,1.229618567237405387e+02,1.320203954954378673e+02,1.446859068081158171e+02,1.341109379992082893e+02,1.271201882281963691e+02,1.179213370223697979e+02,1.285758929034513471e+02,1.228252209346579633e+02,1.355932193960864822e+02,1.276677197825901118e+02,1.449379046597393028e+02,1.449087009632235947e+02,1.538825931309337989e+02,1.450480791686859732e+02,1.480339282104097265e+02,1.383072104993166818e+02,1.391862911041418442e+02,1.341365514859015775e+02,1.344538181113668998e+02,1.300270716293409521e+02,1.395642326767721784e+02,1.405077198900550570e+02,1.295678458338815915e+02,1.336287543938099986e+02,1.289804742434212415e+02,1.243131392814458280e+02,1.079763107958772110e+02,1.010820999459821365e+02,1.015191037700820544e+02,9.299130056347264883e+01,7.775652477185909106e+01,7.692759657583422950e+01,8.362575649178597814e+01,9.465926465197004802e+01,1.008860228056976922e+02,1.114528510697880250e+02,9.891961954095880571e+01,8.953790123387260280e+01,9.405506806335847614e+01,8.780162581883931239e+01,9.878351012137051157e+01,1.158148789125134925e+02,1.130756349707362602e+02,1.059510794675072418e+02,1.055202171955075272e+02,1.148576125776824597e+02,8.541126497913873550e+01,7.443934773734814314e+01,9.680473190965193453e+01,1.015648643951846424e+02,1.141475870085905626e+02,1.015722925979349611e+02,1.085216539728413778e+02,8.874458263044319040e+01,7.119904746372984050e+01,7.056459037329130979e+01,8.392038862155018819e+01,8.894863391907074401e+01,1.109856362737073852e+02,1.176461591933675237e+02,1.135876242886716341e+02,1.058103035630221598e+02,1.168184800888048329e+02,1.162364586451476072e+02,9.157383604212080286e+01,8.102464505749932755e+01,8.987722915061094398e+01,1.045740555081648182e+02,1.069295251418188855e+02,1.132212031003109871e+02,1.159984922851823654e+02,1.068656487249398879e+02,1.159349907104114408e+02,1.338622844118979742e+02,1.420074155850773820e+02,1.452888434831656070e+02,1.570655201029703676e+02,1.592471909867137470e+02,1.458452206817068202e+02,1.619712567129397485e+02,1.656592871364746600e+02,1.620069257467532395e+02,1.690266390188288881e+02,1.737154961228487480e+02,1.470989982721204399e+02,1.572210628169850111e+02,1.867294150186274067e+02,1.832786412037289665e+02,1.649277981414185774e+02,1.624069573886186220e+02,1.707451637963149267e+02,1.845846053954915931e+02,1.637292430291302878e+02,1.612775513135562164e+02,1.814915880221620341e+02,1.720596437892958193e+02,1.576331398440005103e+02,1.235233006961042008e+02,1.109660859063362324e+02,1.027200486827185699e+02,1.021229305677327659e+02,1.101451757090314914e+02,1.031433099544900642e+02,1.142988920606634338e+02
5.315292849722871438e+01,4.924746179575628702e+01,5.924842435625615877e+01,7.969793909406597265e+01,1.128346798069472072e+02,1.236001128522707546e+02,1.296233604884673412e+02,1.210549725875911804e+02,1.293945211641824926e+02,1.188736599918564707e+02,1.083335619568457560e+02,1.150506922531844225e+02,1.199868780720731252e+02,1.304612260694543124e+02,1.376277525274080631e+02,1.261256526452828837e+02,1.235598411918179806e+02,1.150352057825328416e+02,8.957044038385282647e+01,1.033757551894142779e+02,8.416381969246587857e+01,7.199731103782119135e+01,9.144317068091284284e+01,8.546533537673366254e+01,7.310543978499214290e+01,7.326311549195384032e+01,1.039928460361287677e+02,1.035129753550782254e+02,1.031952734660570030e+02,1.030842763017149082e+02,1.070721435391999705e+02,1.524467032324224078e+02,1.348287272094744651e+02,1.229903547771923371e+02,1.381531810634345447e+02,1.453794156322785511e+02,1.417530890168558528e+02,1.349666819891416765e+02,1.455453139580091033e+02,1.489302414659857163e+02,1.388892065767417705e+02,1.352643673821592927e+02,1.446995289914857210e+02,1.735301687720968857e+02,1.793303315422958804e+02,1.659535241528326139e+02,1.854332748489580922e+02,1.829300178477752183e+02,1.752313565551987722e+02,1.752774842467762824e+02,1.876478637756551393e+02,1.901411596341023369e+02,1.793945982209205567e+02,1.772397502216882685e+02,1.965210730485036947e+02,1.983116289673708081e+02,1.914195562268143362e+02,1.637863326753337105e+02,1.459732086229922174e+02,1.618964363263416715e+02,1.670895254451737628e+02,1.629577838185258543e+02,1.658823228029319239e+02,1.756672292922578720e+02,1.658115181570153709e+02,1.764812871881299259e+02,1.698191554513596202e+02,1.804592993123067401e+02,1.738432979298214605e+02,1.831085331125281641e+02,1.820475439706423515e+02,1.761133435214817951e+02,1.841768505483338743e+02,1.986241077861591293e+02,1.782005453211675103e+02,1.641243743625870763e+02,1.647524046403569287e+02,1.658896912440180813e+02,1.743182609322894905e+02,1.847264869560334262e+02,1.724759586330523859e+02,1.733163077973445070e+02,2.080167058443215637e+02,2.116202454576858827e+02,2.001179570420407288e+02,1.926140265420327182e+02,1.964523089919908614e+02,1.755380789613966783e+02,1.784539981333774961e+02,1.933786533001198507e+02,1.972483178522275580e+02,1.901384046336180802e+02,1.894683183070380039e+02,1.943704535117215926e+02,2.041715194287671409e+02,1.851745303198705983e+02,1.749011211153687100e+02,1.684497288224511919e+02,1.349480302786449784e+02,1.073403130717726697e+02,1.075139550358573928e+02,1.259315756083145601e+02,1.161963103341244619e+02,1.281250321984582570e+02,1.331796349517942701e+02,1.166196931527685052e+02,1.202237987976288025e+02,1.388678790539440513e+02,1.278782245101956221e+02,1.245251663340651476e+02,1.113493639779859024e+02,1.079422013592328824e+02,1.137481011818569954e+02,1.180372353798961740e+02,1.197401876335026856e+02,1.129406438275227629e+02,9.977868402107733914e+01,9.595152368224884754e+01,9.823035918364649888e+01,1.021657811617247376e+02,1.083777252874029671e+02,1.144777799577552031e+02,1.195671355317094253e+02,1.258898700391398506e+02,1.343860815990828428e+02,1.403318343251009992e+02,1.388981267132418225e+02,1.392327563872058533e+02,1.392174479288294151e+02,1.329833610252406118e+02,1.413217739427337563e+02,1.484212772687449444e+02,1.520094003150251751e+02,1.537564130206185098e+02,1.456914316011018968e+02,1.365368918520171917e+02,1.613919318334323521e+02,1.269209295593695259e+02,8.707931348847303354e+01,8.869345880581592212e+01,1.132464535521719711e+02,1.022813687591407046e+02,1.113744525834496386e+02,1.058840909515876945e+02,1.131638961542793709e+02,1.301545167640533691e+02,1.061115089626195243e+02,8.509362367695455021e+01,8.832070585260389350e+01,1.177947522527778119e+02,1.325612849950755674e+02,1.219650464860202845e+02,1.114977323294288425e+02,7.296924910032707601e+01,5.404513151400239934e+01,6.310761910471184422e+01,8.969516343229396682e+01,7.124273077729030490e+01,6.891560832012027049e+01,8.181786284033034917e+01,9.016579674274906608e+01,8.791445172372556272e+01,1.146755264034787416e+02,1.158048963884789657e+02,9.629357734948624170e+01,8.641242727925758516e+01,9.213816745862609991e+01,9.820612779098054546e+01,1.069951914114389098e+02,1.303843787632050351e+02,1.407500896051620884e+02,1.527267078187450409e+02,1.252754515401033899e+02,1.154995947793747888e+02,1.197081162075971434e+02,1.216403965544154460e+02,1.125235565522072250e+02,7.920909659800726388e+01,7.863338528336754507e+01,1.106616812037798070e+02,1.122956539157363096e+02,1.143521284797853212e+02,1.207710197290928988e+02,1.030030547721569860e+02,1.233127026617105457e+02,1.198086192238148300e+02,1.251749779333561463e+02,1.211668123914726038e+02,1.079391837041471689e+02,1.145790035570110774e+02,1.253149611201944111e+02,1.467348191760038105e+02,1.646455820018377096e+02,1.372313468069503415e+02,1.280946860322548559e+02,1.398287019020712876e+02,1.288351104206584523e+02,1.393569047944912995e+02,1.585484270448863242e+02,1.602567235073975098e+02,1.695948486080473003e+02,1.839732978761442723e+02,1.881977325292424723e+02,1.831594848993095752e+02,1.679712568932491763e+02,1.449315155401272932e+02,1.334187337040927730e+02,1.436095550949856943e+02,1.372109003511202729e+02,1.420220800963181205e+02,1.713245316303583650e+02,1.523972743425381395e+02,1.492659131128668264e+02,1.257642280030314197e+02,8.454817502347140135e+01,6.940236795712418427e+01
4.750335093909647810e+01,4.502354438482142029e+01,5.513741932312544236e+01,8.057284343172399588e+01,1.198971749329380145e+02,1.267695222653507159e+02,1.216753957041907768e+02,1.148983210110059758e+02,1.144003680692651699e+02,1.055628372922106877e+02,1.158011124495648119e+02,1.153439070689686332e+02,1.159124090763393156e+02,1.340967195402157870e+02,1.394388882994388439e+02,1.216276322066807012e+02,1.135654223037379893e+02,1.079042137621653410e+02,1.025030235785583415e+02,1.207422046711580634e+02,8.696661055102846660e+01,7.732841508895711513e+01,8.568432443920829655e+01,7.903900271793099819e+01,7.335949648120134725e+01,8.752999970316700740e+01,1.089152465966448915e+02,1.036876029443617000e+02,1.017255212469516152e+02,1.017156516093724292e+02,1.113670793606647607e+02,1.399630502113592172e+02,1.297550056547721624e+02,1.190233587826771497e+02,1.318880194158666086e+02,1.557743767580851113e+02,1.611183188890471456e+02,1.558044141236271685e+02,1.715328449340523775e+02,1.754450076700261434e+02,1.786538115538850207e+02,1.632927353175865051e+02,1.580923484220416810e+02,1.750681938083371278e+02,1.662235071331939196e+02,1.625058311435279563e+02,1.701166187245435992e+02,1.698242123273149957e+02,1.869457988295864368e+02,2.073559411340395684e+02,2.126857513829796460e+02,2.017749992368134144e+02,2.002151413972083844e+02,2.136758803360580998e+02,1.916835737565406248e+02,1.973247360187501158e+02,1.693467353127755928e+02,1.283228550083269681e+02,1.038557705677746554e+02,1.084523044234133096e+02,1.192660875277582022e+02,1.076861652229268174e+02,1.071095575224527749e+02,9.838527923946469400e+01,8.872183844659868157e+01,9.166998114411589427e+01,8.533978037278410511e+01,8.703304347893885051e+01,1.072178467742033092e+02,9.710758025008969696e+01,8.544380582504464883e+01,8.835994841047109105e+01,1.004328378541760145e+02,1.132243845764490828e+02,9.877380251737545791e+01,1.014698853117513266e+02,1.044126591919776672e+02,8.614127060590925566e+01,8.678469542992371544e+01,1.084642493139844959e+02,1.257558874625861733e+02,1.125561721177410277e+02,1.123920612492782141e+02,1.185794528092973508e+02,1.203843284844079449e+02,1.121801231530416203e+02,1.027106450627551482e+02,1.046298754873489685e+02,1.021066585697367088e+02,1.024076637457363148e+02,1.149615879231013622e+02,1.387742972515351596e+02,1.443893513399189885e+02,1.345711989641192190e+02,1.142544809057714446e+02,1.235074812612230204e+02,1.361698985892264773e+02,1.331829664209239752e+02,1.148956621046423265e+02,9.149162081184803696e+01,9.470534236070210454e+01,1.138862731636612011e+02,1.017658148701433163e+02,1.248849692404172771e+02,1.150045131244500141e+02,1.022216430350368768e+02,1.147019397859770180e+02,1.179220441183223045e+02,1.122020671854219245e+02,1.100820829645032433e+02,1.060077252888304855e+02,1.126900446260370501e+02,1.219362736796899327e+02,1.222998258363489441e+02,1.242894015592033412e+02,1.162994626108056764e+02,1.011463139057547238e+02,9.755390153136974618e+01,9.819211773282381728e+01,1.033407147255312566e+02,1.094109539379779221e+02,1.145729809249856999e+02,1.207855699097154201e+02,1.275939761411375457e+02,1.379519416998817576e+02,1.469961325082368262e+02,1.414836044879423298e+02,1.397897937436954408e+02,1.461591163236777504e+02,1.433584026801121070e+02,1.430991192677444133e+02,1.371527025605689403e+02,1.480482759674371778e+02,1.588050540459831268e+02,1.568384502593397372e+02,1.481371948675284216e+02,1.585276700427700973e+02,1.470799226287829526e+02,1.049447537287764476e+02,9.815099655529287759e+01,1.000843014296245030e+02,9.806825441988991088e+01,1.037489780694203887e+02,9.947652946717713007e+01,1.043904143111922025e+02,1.047003428665678086e+02,9.221384173157906616e+01,7.707017283489663839e+01,8.114544484174861338e+01,9.920603188431104513e+01,1.135323326806887962e+02,1.167804291140289621e+02,1.107737385077538192e+02,6.846869706781531306e+01,4.903829467986653867e+01,6.062094092860566263e+01,9.630150848389452278e+01,7.678523083841986363e+01,6.875118617753973638e+01,9.120336311512660643e+01,1.022405070573858978e+02,9.037100812530617588e+01,9.940020578716276134e+01,1.141943772958475876e+02,1.008521625317652450e+02,8.741755273841872054e+01,1.032788971902745345e+02,1.446832423981262536e+02,1.562164825385839038e+02,1.661937242428530226e+02,1.538243248325497348e+02,1.627337423804471257e+02,1.497612191708604996e+02,1.189800261333524247e+02,1.183943071248611432e+02,1.248963046474446941e+02,1.362843099872519304e+02,1.266602097618619069e+02,1.119697134777887300e+02,1.211254321840578427e+02,1.165711416318231954e+02,1.258938000044601324e+02,1.356815054549932142e+02,1.267167654575622748e+02,1.320415265725968936e+02,1.104354150222594342e+02,1.059533291839520359e+02,1.105414972251059851e+02,1.010082033877310579e+02,1.070568523386194215e+02,1.219576456372533926e+02,1.361536700481636046e+02,1.429870975836554408e+02,1.314333711810802754e+02,1.289278546802298990e+02,1.320347437251885481e+02,1.308160497351305764e+02,1.429010802996753000e+02,1.621898160770037975e+02,1.644333355881732359e+02,1.629660199691909384e+02,1.739817408432929540e+02,1.951431558228271967e+02,1.890909211238343346e+02,1.759121164709033280e+02,1.504473853169619701e+02,1.402571454326030960e+02,1.372862740503487657e+02,1.275926547355595915e+02,1.343303014691007036e+02,1.564712543113907941e+02,1.600269058023366995e+02,1.502966236112996228e+02,1.299855958190929357e+02,7.749823707764041103e+01,4.979647048066641446e+01
1.182174268110186830e+02,1.096359271571500074e+02,1.263513683421395228e+02,1.452859863535066722e+02,1.474594642395508686e+02,1.489531155781806433e+02,1.553118145552196836e+02,1.677717643187351086e+02,1.511057181918920946e+02,1.481856865030243853e+02,1.523378980555644375e+02,1.396051289951024614e+02,1.458023610167519166e+02,1.647534495251733517e+02,1.816934215938366037e+02,1.769920893822032042e+02,1.692637130235559937e+02,1.628657572874334676e+02,1.487067248515621145e+02,1.284913952869410991e+02,1.070238736991259003e+02,9.333680958929110716e+01,9.929211475221185879e+01,1.185380339966725671e+02,1.037352711838314718e+02,1.016157808522240487e+02,1.182475473181125238e+02,1.253235645851274711e+02,1.246758440528698770e+02,1.280315471080685370e+02,1.419629793725461582e+02,1.355842352520258771e+02,1.263109520546913132e+02,1.362985689905065669e+02,1.325298559894972072e+02,1.238012773750945428e+02,1.260764977892833514e+02,1.382870463129958978e+02,1.195221308074830944e+02,1.104548561664977768e+02,1.120769768197302056e+02,1.058711050017193287e+02,1.018712027776879410e+02,1.025327543550834122e+02,1.069630130653361704e+02,1.166274777596611898e+02,1.271066552134106189e+02,1.506440492308219063e+02,1.387140602562148217e+02,1.197679005604273499e+02,1.110661782656444956e+02,1.117413041282930521e+02,1.180118868528373781e+02,1.315457385628656937e+02,1.600327781415789445e+02,1.340762615567779790e+02,1.186253619918088589e+02,1.111503212467594608e+02,9.886113200503402254e+01,8.258810943800752113e+01,7.672978424766509420e+01,7.207570958669657557e+01,7.334561603290525511e+01,6.706610970900287327e+01,5.925000805808186044e+01,5.534545438767439407e+01,5.151992577621868463e+01,5.526745381943364066e+01,6.753954099610295714e+01,6.885694314399452765e+01,6.206749677483703920e+01,6.284473291743459811e+01,7.032803472553391089e+01,7.922434860731740969e+01,7.516739410490114892e+01,7.306230094981249579e+01,7.049273193487123024e+01,6.316511011282266708e+01,6.421806948418185357e+01,7.773475312534296222e+01,9.158678241969234080e+01,8.505028144898525966e+01,8.404691217141279935e+01,8.811773306068090506e+01,8.937380669673808598e+01,8.611021847090374592e+01,8.101971926721363104e+01,7.848733965125779832e+01,7.681898350774577011e+01,7.991050759009146987e+01,9.330727432825351286e+01,1.152319527292603993e+02,1.191226970368100240e+02,1.085122563935881885e+02,9.787049898424598382e+01,1.059271632703615893e+02,1.206531944617962324e+02,1.187888815868107741e+02,1.084425511393446158e+02,9.937812118936636807e+01,1.010332130524852232e+02,1.019834219754996525e+02,1.019194484359596800e+02,1.109698843379322994e+02,1.194369176792842495e+02,1.172024070089507148e+02,1.200679831250139955e+02,1.221507388721283576e+02,1.332503771235180352e+02,1.264719908854874291e+02,1.305407004474992050e+02,1.500117941252921128e+02,1.473057584828244160e+02,1.431647187683410891e+02,1.460558687752886726e+02,1.547395836701465157e+02,1.517902778083499129e+02,1.597260881577378768e+02,1.697967621069909399e+02,1.697515720532093724e+02,1.676285358415973121e+02,1.701131164506451796e+02,1.690851011580134582e+02,1.640513219085121648e+02,1.669888101838648140e+02,1.740929061623724010e+02,1.815044453712340840e+02,1.885553369150022434e+02,1.766360157747801054e+02,1.584352824486083762e+02,1.514029074765421967e+02,1.446442913255316114e+02,1.365525861247895136e+02,1.313324798219088052e+02,1.366475766235027436e+02,1.382656118402825314e+02,1.287141999175270541e+02,1.382740028695899355e+02,1.471301175525347560e+02,1.581958085716259461e+02,1.361517593553338656e+02,1.384880777132102025e+02,1.340108842086089851e+02,1.459745472071099357e+02,1.543829473286311895e+02,1.464759666406049234e+02,1.430057490082246829e+02,1.376883277650848925e+02,1.344517533149812323e+02,1.099124636448259764e+02,1.045792052621702339e+02,1.089471905224255579e+02,1.044204602760747633e+02,1.040826445313484641e+02,1.003992695221439391e+02,1.007399638208084838e+02,1.030018137413718335e+02,1.226130265112608839e+02,1.233488092486001477e+02,1.215661299837639291e+02,1.232419217974894821e+02,1.283224678721210239e+02,1.200052631940533701e+02,1.344306035042856990e+02,1.328692163590935138e+02,1.420350324226777445e+02,1.580409235378309916e+02,1.852475828223289511e+02,1.668169725633662495e+02,1.612581233790294561e+02,1.591337993975056122e+02,1.722930633832434921e+02,1.809304056443362754e+02,1.646086474328114662e+02,1.599882705273026318e+02,1.654980273017832246e+02,1.657505097782570829e+02,1.773285940842632158e+02,1.883318070128209740e+02,1.765051054408438063e+02,1.748827623130574125e+02,1.750151223149352688e+02,1.713410204630910414e+02,1.511168760917087752e+02,1.457200110930906760e+02,1.463983266636003009e+02,1.430849237153316551e+02,1.504810429910495486e+02,1.628179257396923560e+02,1.772992683263306049e+02,1.855793447629814636e+02,1.865750349017838516e+02,1.764570019300612671e+02,1.794679798630605490e+02,1.902280407069558805e+02,1.992369987898066483e+02,2.030625187218719248e+02,2.097681478728997604e+02,2.141666656140756402e+02,2.131272898164784522e+02,2.180483305701113750e+02,2.287468929902518653e+02,2.247851868068746626e+02,2.194784644216017000e+02,2.184180230898413413e+02,2.155883928504830749e+02,2.100111162475256492e+02,1.927450940373421986e+02,1.834252451974242035e+02,1.693493351097504558e+02,1.704192123958342791e+02,1.677683549072498863e+02,1.560760293904286016e+02,1.400785911649259106e+02,1.212381856971201017e+02,8.713076014991113993e+01
1.524769198779053170e+02,1.375022452451229356e+02,1.294545025130614988e+02,1.477548090158658454e+02,1.421359573312379041e+02,1.447672570478922012e+02,1.470015718719034510e+02,1.825646177356802582e+02,1.874330729023332651e+02,2.109710114919622015e+02,1.776984035586759205e+02,1.707762935338262480e+02,1.824196853090582806e+02,1.751655736962735546e+02,1.853560220579902307e+02,1.720871844765977130e+02,1.723547245439560527e+02,1.731195842364561486e+02,1.737377267638892704e+02,1.149534629065139910e+02,7.985858624163255115e+01,6.908692763999439990e+01,7.903602502728458035e+01,9.665717726076093186e+01,8.250016632774493530e+01,8.218708997601720512e+01,9.137305053567524737e+01,8.603313953294063765e+01,8.634969635107597696e+01,9.527763923425138159e+01,1.077659204169906957e+02,9.743052966889634092e+01,9.334625035869686371e+01,1.029755000509781553e+02,1.035296503321436177e+02,9.298370534958529277e+01,9.453554925284539934e+01,1.028911919193026279e+02,8.474848125936205179e+01,7.393341931096144037e+01,7.247027870121434034e+01,6.916952827180797669e+01,6.757947847704464550e+01,6.657336333351032920e+01,6.645989162864793798e+01,7.193212785402315035e+01,8.388020452810367544e+01,9.936264528726843537e+01,8.925251667573337500e+01,7.624895498215089162e+01,7.135557779422533997e+01,7.159045182259526996e+01,7.522567745232819902e+01,8.430441176977865325e+01,9.635712103204414802e+01,8.770057670210948686e+01,7.656565950592813863e+01,7.698188469872746964e+01,9.213909334530657702e+01,9.508463097963857535e+01,9.126946782864939678e+01,9.454793030842364487e+01,9.240352156002100514e+01,9.452661796757023183e+01,1.001519222703762750e+02,9.613474871842105074e+01,9.391752356031948068e+01,9.769682938763996560e+01,1.052295281069287114e+02,1.116100912724348149e+02,1.163583469686879113e+02,1.204916906685924261e+02,1.196262730547661306e+02,1.210239579168187163e+02,1.211763214871337482e+02,1.199310998173928198e+02,1.232547576216875882e+02,1.259017312944914835e+02,1.276214725934317897e+02,1.234070975559647962e+02,1.284460868765498276e+02,1.330752100926854382e+02,1.378153379111896015e+02,1.462197315796119881e+02,1.469452458733804576e+02,1.487613476633608798e+02,1.529506976384215022e+02,1.486429167813120671e+02,1.458266051670825050e+02,1.489745877955341768e+02,1.580458857243783086e+02,1.790294324776453436e+02,1.759648854420015596e+02,1.785097988447424768e+02,1.649983720237386251e+02,1.666228846308018205e+02,1.998466602291193510e+02,1.844922512186372501e+02,1.627714654241240737e+02,1.641566733226846679e+02,1.647962531419527465e+02,1.641466536089537840e+02,1.748406476194977017e+02,1.536970834213977923e+02,1.527782481120073044e+02,1.512677582057463326e+02,1.702767295823598204e+02,1.733111486651472717e+02,1.701353280660383689e+02,1.710558999454632954e+02,1.715059665794632338e+02,1.853931740008607676e+02,1.699466682228895991e+02,1.539532708838335395e+02,1.477696600446303421e+02,1.437602778773344312e+02,1.363343733703738678e+02,1.328337057313323157e+02,1.316189130173761441e+02,1.298230235535708346e+02,1.305486002013926736e+02,1.334805362500184742e+02,1.405678300142693615e+02,1.481253563112283871e+02,1.545714232328915045e+02,1.579172477490374433e+02,1.543417449728545705e+02,1.572760383378889912e+02,1.608749755514241713e+02,1.368240972622139111e+02,1.329034763829165513e+02,1.313510355890643382e+02,1.321158308207793084e+02,1.471978754149430415e+02,1.443902970912661772e+02,1.417520797132064843e+02,1.519362475041500318e+02,1.468580845062878097e+02,1.388605066304077411e+02,1.494241077512928086e+02,1.466698783981531733e+02,1.453605486496174990e+02,1.530491588157931062e+02,1.715032595868723035e+02,1.658117858291165021e+02,1.740590295788726962e+02,1.698237025714289814e+02,1.408799705806573002e+02,1.166223740898509789e+02,1.003001591270840862e+02,1.071831596803409639e+02,9.788638797294743199e+01,1.198574406037245978e+02,1.187559239611944406e+02,1.128668798138656371e+02,1.236686170565092908e+02,1.159432393125458134e+02,1.310687932817925230e+02,1.440344156401448004e+02,1.540497293016313449e+02,1.388691578002745075e+02,1.397773051314903512e+02,1.231501743818733416e+02,1.264064108424630035e+02,1.303420120166582592e+02,1.375661059576618470e+02,1.559050039327444495e+02,1.820480986546151883e+02,1.702572846436988527e+02,1.635554643350584456e+02,1.567834208302101047e+02,1.620997799214840995e+02,1.597091292351813365e+02,1.684259149902339061e+02,1.833887386096829175e+02,1.718507776991100116e+02,1.565720389003882929e+02,1.681215495814942074e+02,1.900083797482431009e+02,1.744525689398120960e+02,1.833099538348390070e+02,2.057307549656779031e+02,1.983988472311581859e+02,1.929506815783055060e+02,1.861568996358785739e+02,2.130330585792641784e+02,1.971470891770875937e+02,1.818455540295511526e+02,1.946692836831768147e+02,2.383003690612823675e+02,2.430641656799688519e+02,2.455198773815028233e+02,2.341492397164350621e+02,2.210232274822118086e+02,2.124818873284006031e+02,2.353707347132705650e+02,2.446317259191972937e+02,2.293649271569850612e+02,2.274832772420401170e+02,2.336571804483663755e+02,2.434050056502446466e+02,2.706778918879720095e+02,2.674940582057307665e+02,2.647883706356394100e+02,2.192490535062603385e+02,2.118275112307461541e+02,2.119773750990373742e+02,2.143271717309062296e+02,2.255481917158622025e+02,1.909688917591833501e+02,1.878637281829336416e+02,1.679384887755375360e+02,1.689759183018600481e+02,1.630367554622754085e+02,1.490838162328349767e+02,1.161713375670296955e+02
1.684405582138154784e+02,1.600804769745336387e+02,1.496950238569914404e+02,1.541148463185768662e+02,1.576713424647593342e+02,1.706997663521597417e+02,1.901337883117062120e+02,2.035557405386846597e+02,2.021776719566457530e+02,2.053059439444552936e+02,2.030346785508310177e+02,1.878243814808473928e+02,1.935620407060806087e+02,2.032332345437628192e+02,1.982958724565772570e+02,1.926108730019396944e+02,1.855110883891287585e+02,1.815730688355950804e+02,1.744376799097889830e+02,1.409215614684031550e+02,1.154364714714706395e+02,1.132090112005402602e+02,1.267103558907834184e+02,1.395642213288287223e+02,1.275026853175626513e+02,1.323226521919526704e+02,1.337833859193077046e+02,1.185691687605003892e+02,1.203814159403620465e+02,1.325228818683928012e+02,1.322659730006306518e+02,1.259507952793707091e+02,1.292803079699925775e+02,1.400265773068271358e+02,1.472885444443037670e+02,1.332791650278773830e+02,1.335493521860736337e+02,1.387219800163650234e+02,1.170826294213360370e+02,1.094052160537102623e+02,1.087667320076730704e+02,1.069954722058565295e+02,1.084501264735746275e+02,1.056998021084144739e+02,9.942229631680784507e+01,1.019035722096209611e+02,1.122524338823834711e+02,1.239069021869403997e+02,1.145505591367393663e+02,1.059150135986649275e+02,1.059738948273760712e+02,1.058901006240521667e+02,1.069379827855305507e+02,1.097137816264967967e+02,1.144551771797631545e+02,1.141574761328117091e+02,1.070821827284210883e+02,1.069384353845146194e+02,1.177857062671434107e+02,1.257557444868932066e+02,1.246238583940177307e+02,1.259359750516968290e+02,1.232497076143856276e+02,1.246276050819554087e+02,1.332697155976927093e+02,1.332375145204544538e+02,1.392038435582540785e+02,1.376990661226432451e+02,1.397971661150721161e+02,1.444906975900492512e+02,1.475351290390138672e+02,1.546405714685867565e+02,1.699168135162495048e+02,1.672390969354223103e+02,1.620170889801762257e+02,1.596556996606435916e+02,1.701321398607964284e+02,1.815370703065309215e+02,1.747595170624717866e+02,1.712195512334174055e+02,1.700251202454376767e+02,1.736339773422127450e+02,1.782462974838498440e+02,1.921716480137183964e+02,1.923976802282776646e+02,1.972866255779559879e+02,2.019576734201253601e+02,2.004372741740435515e+02,2.084565434174057259e+02,2.046998416448391822e+02,2.106098400520398286e+02,2.065812474297563313e+02,2.247459543534856152e+02,2.559929099684678704e+02,2.162268712687426557e+02,2.089120676602325943e+02,2.266572973256876935e+02,2.009847484628290886e+02,1.806970550166895464e+02,1.844996150270330588e+02,1.861544951100556489e+02,1.814166771460656378e+02,1.954287343954234757e+02,2.008551832256794114e+02,1.948941953409577081e+02,1.868630342145683301e+02,1.898488922432682671e+02,1.933438291678948531e+02,1.909092707673121083e+02,2.003028825653416902e+02,1.998077633417307197e+02,1.956301956286035875e+02,1.898620023339600777e+02,1.825349387462135837e+02,1.790437037769054314e+02,1.703133404002722102e+02,1.631750492172552924e+02,1.592647071019603970e+02,1.567603760211387680e+02,1.572435434670112500e+02,1.592091953332169112e+02,1.599127699259709061e+02,1.663302914085471969e+02,1.748115804176785559e+02,1.798847829258457978e+02,1.819536254661424266e+02,1.807580797632436997e+02,1.798858605699070949e+02,1.731343339599183651e+02,1.340750350108571070e+02,1.294835304171512007e+02,1.380912864499693455e+02,1.381074336646968845e+02,1.554219101723521135e+02,1.570725718358918073e+02,1.552436680147619370e+02,1.737438459856108466e+02,1.642727118099053314e+02,1.475433820832522542e+02,1.538162515215575468e+02,1.721503579433616267e+02,1.659162816971220309e+02,1.841655017733995692e+02,1.884536398372263761e+02,1.807922823149226019e+02,1.800252729529574651e+02,1.744450505708474850e+02,1.575840205944619754e+02,1.285712117512227053e+02,1.221829579993111707e+02,1.277511097901871580e+02,1.257860500899399199e+02,1.474244187893391995e+02,1.549112021203253562e+02,1.451941554226464177e+02,1.465643786038657481e+02,1.510760565262927457e+02,1.518565392776019394e+02,1.799555764838125640e+02,2.029789707843055169e+02,1.714443974861191293e+02,1.723979695173879065e+02,1.836900438407438685e+02,1.713725288528834199e+02,1.782562937398823237e+02,1.744886290566324760e+02,1.871164967610106942e+02,1.916699391177515110e+02,1.886688180142012641e+02,1.917788910591837634e+02,1.816779335761577272e+02,1.900142835919417621e+02,1.988244144884868660e+02,2.091822795935034378e+02,2.138694191715479178e+02,2.141518817682978124e+02,1.975147371784575228e+02,1.974096064048262065e+02,1.938759285142130011e+02,1.995539813552717874e+02,2.248391783189146338e+02,2.406538835269548429e+02,2.086104981482648384e+02,2.066807606254468510e+02,2.014370007059184502e+02,2.049399157375935943e+02,2.208697843236805909e+02,2.084074652296926899e+02,2.134137877467389330e+02,2.405556312493372673e+02,2.302388753296476125e+02,2.137435101211960387e+02,2.225150883464147000e+02,2.319041737695015968e+02,2.224334896090164762e+02,2.431399973970150086e+02,2.715560017003696771e+02,2.650136876167778155e+02,2.391079168439521538e+02,2.451616319845203975e+02,2.578418416344303523e+02,2.723476176890737861e+02,2.492198386097653895e+02,2.333730398077204882e+02,1.769247693233810423e+02,1.646573164241017082e+02,1.717472936840941884e+02,1.805872075865116528e+02,1.984072424282785505e+02,1.926600889417437088e+02,1.889737451075122010e+02,1.678931245476980791e+02,1.836469292158317614e+02,1.694123731848784757e+02,1.453081263347917229e+02,1.395535902802713792e+02
1.545187600427778420e+02,1.693735671001614662e+02,1.897401155945805442e+02,1.821381403025395400e+02,1.636582758463692642e+02,1.681484189682697945e+02,1.716546229484983996e+02,1.562656844552078041e+02,1.675053778789771854e+02,1.955025898572993128e+02,1.974007008106509602e+02,1.702172706765014709e+02,1.542173298923864024e+02,1.684517964433044028e+02,1.912888436363435289e+02,2.059122080734277631e+02,1.859823358883313063e+02,1.904132038529488966e+02,1.862415630914747737e+02,1.777869512647034469e+02,1.795883759960084944e+02,2.043101399770810076e+02,1.924642381099989734e+02,1.810632814114766802e+02,1.807583090902655840e+02,1.827348503946777214e+02,1.799014648102162823e+02,1.799793893490014511e+02,1.949518103859489315e+02,1.955499991085729903e+02,2.049615682386074695e+02,2.085712071589505570e+02,2.085113917914796389e+02,2.062261576311655347e+02,2.132967114897600709e+02,2.152893268593610685e+02,2.272031772543805062e+02,2.225275855772405862e+02,2.193266674895042456e+02,2.060029844995550832e+02,2.239481241762075570e+02,2.331292454936569243e+02,2.352109270158039180e+02,2.175496698324365923e+02,2.160132213166468773e+02,2.259282065497559984e+02,2.148866920964962617e+02,2.238443419353469039e+02,2.263301774129215289e+02,2.219939378013465046e+02,2.174204925835870199e+02,2.176327856553463675e+02,2.324663482047310481e+02,2.522073356720755726e+02,2.354326117494803157e+02,2.236847286140980202e+02,2.231300095512317512e+02,2.128615171134515833e+02,1.734725936318843367e+02,1.701831769330601105e+02,1.967220161383659445e+02,2.285943964549320242e+02,2.215429486748547845e+02,2.332916181952460875e+02,2.381674804502062273e+02,2.418722070739965773e+02,2.330350780901435428e+02,2.442620016136659729e+02,2.405498671659352112e+02,2.267736489630355265e+02,2.375958840515852444e+02,2.326050776169610970e+02,2.201276237578427413e+02,2.395056630332400118e+02,2.444305274584664005e+02,2.237699969330122940e+02,2.157539392915809913e+02,2.395020879121157975e+02,2.308419688913784000e+02,2.328456915971673880e+02,2.502424245928449409e+02,2.505116163634223767e+02,2.535541019241898937e+02,2.483421893400927729e+02,2.474251857926427078e+02,2.459996218285527902e+02,2.623777652623957692e+02,2.567786921155586128e+02,2.568658603180893465e+02,2.583486882176731001e+02,2.699848056263365947e+02,2.800896279214559286e+02,2.748713018808148263e+02,2.633714761995502727e+02,2.160985084474203859e+02,1.988272276026970644e+02,2.224347741670851519e+02,1.740564966803048037e+02,1.109016796778248164e+02,9.968312130179361930e+01,1.140367326064082931e+02,1.142331632178143366e+02,1.060796345123711859e+02,1.015077518981931064e+02,8.976308233140625248e+01,8.527480402735422160e+01,9.517049839092791785e+01,1.020183823071474478e+02,1.084752196462093252e+02,1.246353543417162513e+02,1.416924263701519067e+02,1.304297505959017940e+02,1.014274190713383916e+02,9.664225673505268333e+01,1.092581000600329446e+02,1.379764922748046843e+02,1.566885717035430901e+02,1.519369002248666334e+02,1.445949027500185764e+02,1.508626812767887486e+02,1.458932344213951637e+02,1.288419361495307101e+02,1.344448959393208725e+02,1.487720896776538950e+02,1.477060499237851730e+02,1.564112814180399482e+02,1.750422632479072718e+02,1.704349612672760372e+02,1.649690938278865815e+02,1.545342838558873098e+02,1.485383994822703357e+02,1.535634638578918043e+02,1.690840995489215288e+02,1.235205855565609170e+02,1.058458207225516787e+02,1.079578286060961005e+02,1.299673512215487108e+02,1.501600877850951576e+02,1.428239328605941409e+02,1.486604429945347192e+02,1.357834988999503878e+02,1.398548563166648364e+02,1.510013920718671443e+02,1.721762810496370548e+02,1.679700236062520560e+02,1.555808353288795729e+02,1.442963944106541305e+02,1.574675821435700129e+02,1.462170553255486141e+02,1.333614058683598671e+02,1.471691902577968563e+02,1.778864409279026972e+02,1.688826334482172911e+02,1.594238468238747828e+02,1.488618149061815075e+02,1.473584683264367925e+02,1.375783144893738950e+02,1.096933564447300569e+02,1.032836840395036688e+02,1.101480019796339462e+02,1.184316640290925307e+02,1.164361676638946790e+02,1.244893561342848045e+02,1.470616635149845592e+02,1.571757635230760570e+02,1.361997875236330913e+02,1.318523904674926825e+02,1.427733492621431424e+02,1.576184178615334304e+02,1.976177180790930379e+02,1.852308282306374281e+02,1.598017599822385080e+02,1.521893994600175688e+02,1.682622636186048055e+02,1.696605460404553298e+02,1.800951908511316617e+02,1.779548305331432516e+02,1.770472469848665185e+02,1.950397612941501393e+02,1.971940560448897486e+02,1.809712882524622160e+02,1.593923241123227683e+02,1.566666888981114028e+02,1.627970548382825768e+02,1.922040357552893965e+02,2.019889902272542770e+02,1.991202579530364574e+02,2.076249757649360959e+02,2.035266903303250103e+02,1.832575333731124374e+02,1.786746294412811551e+02,1.815422838531022762e+02,1.968180879488822370e+02,2.141922904020371163e+02,2.326431211981535512e+02,2.511764342451673997e+02,2.592005445711554898e+02,2.430167107176336003e+02,2.265795759947523038e+02,2.042037031988436979e+02,2.145567326589384436e+02,2.103058178776264526e+02,1.898515121528624832e+02,1.773287689979658808e+02,1.382634969918735237e+02,9.357680166857088011e+01,8.413535781105450440e+01,1.007624241941754235e+02,1.160854168112321503e+02,1.143452889722931900e+02,1.347618146519417337e+02,1.242587710419253142e+02,1.170854806628248781e+02,1.204375355151526321e+02,1.289771671996663542e+02,1.132713746875976426e+02
1.037461172060830563e+02,1.126914473260033276e+02,1.258605711068412205e+02,1.331660548014325514e+02,1.230951806035704408e+02,1.236106789615750188e+02,1.476495957040238807e+02,1.278923779303842849e+02,1.351458929951830896e+02,1.742784846984364151e+02,1.479287817740636797e+02,1.259356442243903871e+02,1.162964398871982894e+02,1.297811976577689848e+02,1.699901936591633387e+02,1.894476983624882962e+02,1.603521448733276884e+02,1.491899207944856585e+02,1.521227187351035468e+02,1.464088275568691415e+02,1.500587022297194437e+02,1.675525443245962549e+02,1.631537331893943019e+02,1.509257727571997520e+02,1.549579831521004110e+02,1.737184377271813389e+02,1.629273426457587561e+02,1.585114614445075745e+02,1.706939703030312216e+02,1.863895137840536620e+02,2.027050090397094380e+02,1.728316211419650585e+02,1.675909403284928203e+02,1.767267291874019008e+02,1.808058399107342495e+02,1.825882653001788753e+02,1.819176269935340997e+02,1.780798555660231841e+02,1.829731456161215419e+02,1.912052949430466242e+02,2.026417413150925313e+02,2.145483364480838873e+02,2.177752217087361259e+02,2.126445834872139358e+02,1.976850270800896396e+02,2.098189427369012208e+02,2.150404616471788302e+02,2.252597589721958116e+02,2.003622700254375104e+02,1.906078724816639465e+02,2.065680287616561941e+02,2.142149542767367620e+02,2.088334608236012002e+02,2.088489630514042403e+02,2.024758700916572707e+02,2.065768196555387419e+02,2.118440568180856189e+02,2.069468021799725079e+02,1.988346820904016283e+02,2.007727451205789180e+02,1.994332155403589013e+02,2.065494457885870077e+02,2.032234341652040257e+02,2.106956125424182176e+02,2.087467920597255500e+02,1.948839270033948026e+02,1.982292167531763880e+02,1.935015141030035011e+02,2.123313727054418223e+02,2.190975290633436714e+02,2.232737253814103440e+02,2.250668402813499824e+02,2.124054654276173153e+02,2.108851374525650897e+02,2.030145685872153933e+02,1.931681166746424481e+02,1.841968254187303558e+02,1.891964684970621420e+02,1.869753859040590669e+02,2.000509659709931611e+02,2.098626835724420800e+02,2.171577640404643148e+02,2.063663017061273592e+02,2.160249102101015524e+02,2.154051441510718234e+02,2.246560273544370432e+02,2.276135115697075832e+02,2.132429212466878425e+02,2.103392694195790682e+02,2.293075920347064880e+02,2.180597605207765923e+02,2.048231368779544255e+02,2.118396561782289780e+02,2.243960701773287383e+02,1.972163854151221472e+02,1.740675849792039287e+02,1.829382320276752125e+02,1.593170379001313393e+02,8.720688519964060959e+01,6.246156693902646140e+01,6.216278697707501522e+01,5.889458915616270218e+01,4.873347704836256611e+01,4.210052195950127896e+01,3.684609303288417692e+01,3.523204507350673254e+01,3.932750645181035054e+01,4.474938713923295097e+01,5.556730861685623779e+01,8.071185313743947631e+01,1.087329652331800958e+02,9.315440222857827735e+01,5.984900897264436281e+01,5.266199843594537100e+01,6.364975865518540843e+01,8.762531473262016846e+01,1.223079366547152915e+02,1.004446013617312019e+02,8.341879827336917685e+01,9.248858374847002040e+01,9.226408183678162800e+01,7.717045404462230351e+01,8.468474435341792628e+01,1.087068598775128692e+02,1.117685643192638594e+02,1.084657235541073987e+02,1.214979885073124422e+02,1.360570986553401269e+02,1.437271889689195632e+02,1.301194290088028538e+02,1.210491193234937981e+02,1.312469000726243848e+02,1.427449873875598030e+02,1.018241868765382634e+02,7.303387519693468732e+01,8.155967027067136144e+01,1.127140895293068468e+02,1.011039546456786837e+02,1.013383627997098131e+02,1.079882231969671409e+02,1.060571098202300107e+02,1.238558283222840402e+02,1.351650590094454571e+02,1.142360247882607780e+02,9.614936685183937470e+01,1.042358658458734766e+02,1.104207954001378198e+02,1.075559247699672198e+02,1.092684676892980775e+02,1.056744045192180437e+02,1.110045327536558943e+02,1.192358516991568536e+02,1.381055121799698497e+02,1.173252162111220400e+02,1.035671451632325386e+02,1.195040633001964494e+02,1.199446537104921759e+02,8.785757195276788423e+01,7.506194953004705894e+01,8.414084492949073990e+01,9.337485595409071948e+01,8.478432011815657177e+01,9.100418053980125421e+01,1.198480164835609685e+02,1.127003287949733874e+02,9.240916837369518078e+01,8.869124981338899261e+01,1.058918622649213290e+02,1.402678638483907321e+02,1.418034347046192352e+02,1.213615532396527215e+02,1.150322855350190139e+02,1.257370732616346629e+02,1.311544565980406674e+02,1.340299508379426925e+02,1.543211377748686459e+02,1.330825762569510005e+02,1.293785804705940166e+02,1.482215653595947913e+02,1.698334806017379321e+02,1.628629191532322409e+02,1.303095065285879173e+02,1.195642500030861868e+02,1.258200308694842562e+02,1.428977127983569346e+02,1.578333940377156068e+02,1.891580997361886318e+02,2.027695471161447927e+02,1.680620688140976142e+02,1.385940863163443453e+02,1.284814810602348985e+02,1.302523430798438540e+02,1.474413354595558872e+02,1.859789766656103893e+02,1.989562220339922760e+02,1.957237380824811055e+02,2.022151254131885594e+02,1.787708871863314641e+02,1.700091897110193315e+02,1.479622035999622369e+02,1.499813627700110601e+02,1.458575717734409523e+02,1.482006465428510751e+02,1.356052920594135571e+02,1.127362958053491866e+02,7.941564494135889163e+01,7.373156663120491316e+01,8.784265346359768500e+01,1.052653607763315335e+02,9.359210777328021891e+01,1.054545095092317553e+02,9.595026720048001323e+01,9.775431058568084097e+01,1.005171242340416882e+02,1.176260532881265988e+02,1.255781576620836404e+02
1.263535440412983775e+02,1.279284343487509688e+02,1.391033751154415938e+02,1.470946997609824791e+02,1.367120175505568795e+02,1.400924922171853666e+02,1.573675397861916565e+02,1.559603935371126227e+02,1.581556241781833592e+02,1.731896721824872714e+02,1.598303546509822866e+02,1.538375161687342541e+02,1.455697142284102767e+02,1.560459958635796056e+02,1.907513742243361605e+02,2.012742789163114594e+02,1.845023507095654054e+02,1.771549999877842652e+02,1.816953235302842131e+02,1.732034640856742840e+02,1.385203528652897944e+02,1.185026918994556411e+02,1.074614612913260601e+02,1.137503175771491470e+02,1.002859643257871483e+02,1.017376303069997761e+02,1.272349911373101463e+02,1.157344244662154580e+02,1.103144867467248105e+02,1.094416925576879152e+02,1.209243738104094632e+02,1.239775793222183609e+02,1.150029641447798383e+02,1.176474499502451181e+02,1.116284226388037268e+02,9.645635797767896236e+01,1.091891731267755148e+02,1.244313304978360435e+02,1.177597323153477191e+02,1.310228232428803494e+02,1.287574702068174304e+02,1.116822487824451429e+02,1.022057828713598440e+02,1.047948827322732939e+02,1.228407932176591260e+02,1.453437151622100885e+02,1.427432194980037252e+02,1.350048771610097731e+02,1.350999098021552527e+02,1.468332908643317865e+02,1.197254497337956707e+02,9.922859479655207338e+01,9.112234932994624614e+01,9.670894159228285503e+01,1.038375198633424219e+02,1.094037398249337230e+02,1.311255057412345764e+02,1.691472208735384584e+02,1.345448522089210712e+02,1.258877635553517251e+02,1.171114007215171426e+02,1.092158806861203999e+02,1.041096192537306280e+02,1.072449524550774385e+02,1.035982315628733659e+02,9.846598296265861450e+01,1.011261061803308507e+02,1.214759354936300042e+02,1.676763128418667179e+02,1.335766917181908582e+02,1.099999507596654951e+02,1.088969479387222208e+02,1.124220777510759461e+02,1.231128610564121004e+02,1.210176139567915783e+02,9.612150132388758550e+01,9.100413740965743159e+01,1.087207440439371737e+02,1.236942096009438643e+02,1.406814676046764134e+02,1.544153834546076496e+02,1.370898886421504983e+02,1.171514244858890095e+02,1.094624273671147279e+02,1.122114249438684652e+02,1.240462628341184796e+02,1.455086488334193291e+02,1.611299162414346995e+02,1.927097342243804690e+02,1.860968042206573330e+02,1.451130850218682440e+02,1.238479495889726394e+02,1.205123658015546368e+02,1.292002061738271550e+02,1.288722749813053952e+02,1.293040954590354090e+02,1.432183102270127222e+02,1.334357998122740412e+02,1.093212582926147860e+02,8.884904307628013953e+01,8.811742249446547248e+01,8.414880220911229003e+01,7.291089227158012420e+01,6.704535556546765918e+01,6.529510870820261914e+01,6.469329831289569199e+01,6.659835241942258222e+01,6.944312353704506791e+01,7.863859476721665942e+01,9.616809239719667346e+01,1.102348813596681651e+02,9.938183575049532692e+01,8.349989112302392869e+01,8.283003051828228536e+01,9.279946172315740682e+01,1.094398015124457402e+02,1.259362392831826298e+02,1.084335958774683064e+02,9.669263329199506529e+01,1.036671216142223528e+02,1.052982064352923146e+02,9.789826024974912855e+01,1.081030540407184901e+02,1.425184127828904934e+02,1.476357841720972033e+02,1.328980694229935580e+02,1.401987533762477938e+02,1.623228583287007893e+02,1.507510477721262134e+02,1.490884467091307499e+02,1.596920659142321028e+02,1.699113791727939997e+02,1.594951291117668859e+02,1.188208410914600393e+02,9.795986441071983108e+01,1.007129778078050322e+02,1.208229875723125275e+02,1.124875040275397993e+02,1.107058051140416524e+02,1.049086527259909332e+02,9.122773953202397479e+01,9.176987905846917215e+01,1.199756226094990978e+02,1.026122051318046857e+02,1.026225069555067648e+02,1.023521091029247430e+02,9.676877467609008932e+01,1.062557098629925036e+02,1.155814263883402191e+02,1.280809167541005422e+02,1.116568999804355826e+02,1.167048568085259888e+02,1.253626253623152138e+02,1.171762245405983691e+02,9.614621593805468081e+01,1.226337294833936795e+02,1.372937540782698136e+02,1.175989841437914549e+02,1.138267898567808487e+02,1.177207383601163571e+02,1.194158038708425096e+02,1.134203142478317545e+02,1.150745080669241531e+02,1.289939315839936285e+02,1.239750172301874613e+02,1.179839242642136554e+02,1.149788083903589353e+02,1.328138355064692462e+02,1.603284774674366986e+02,1.462264422331784886e+02,1.363256775443539368e+02,1.371413858033077133e+02,1.606880075811990878e+02,1.642054502747057825e+02,1.626162615378952125e+02,1.655002489620588904e+02,1.474282904041818654e+02,1.491366422090821402e+02,1.668582828568441414e+02,1.779965553048136826e+02,1.763953929543803838e+02,1.595017484502290017e+02,1.481036439134319949e+02,1.517720487027926026e+02,1.578399822463306066e+02,1.636336616077133215e+02,1.773393052898292410e+02,1.987092150667996577e+02,1.712286676153325686e+02,1.640386046118275090e+02,1.565072893173627335e+02,1.546420032315816400e+02,1.589510254911517109e+02,1.731388676490036289e+02,1.822291682177115604e+02,1.518614803033958367e+02,1.066820863756612994e+02,9.015206159199931335e+01,9.541281183660859710e+01,1.185900302788906089e+02,1.300566689781324783e+02,1.301894319052401556e+02,1.348045560077920868e+02,1.095475235257294742e+02,9.411271464821682287e+01,8.903421276093992276e+01,9.910338272638213652e+01,1.040856648609510415e+02,8.646411890796501609e+01,8.291531390241968325e+01,7.529578593479567417e+01,8.100447504379310715e+01,1.068189413599368720e+02,1.160570225811555503e+02,1.233292194849091317e+02,1.461002956035870568e+02
2.021187287569802322e+02,2.026773029046840691e+02,2.167716806654767083e+02,2.235681397739468821e+02,2.102355418931947781e+02,2.139907084938588184e+02,2.116603868024346866e+02,2.151878272720565235e+02,2.110642483696349245e+02,2.216606913175347131e+02,2.334837122095499069e+02,2.243459756712341573e+02,2.254352066894061863e+02,2.385077307378475666e+02,2.507787524197531468e+02,2.379529251791579725e+02,2.510916146943647220e+02,2.395431054837226270e+02,2.183899530403491269e+02,2.009942577935267707e+02,1.315840270214387147e+02,9.473302900017137063e+01,8.508035671803375521e+01,8.879352487693094531e+01,8.405632199844328056e+01,9.073945995483438764e+01,1.084035758386674075e+02,1.021969518227781606e+02,9.054153289188985809e+01,8.694864197704241349e+01,9.572386241477948943e+01,1.022969373792520571e+02,9.812527022258190357e+01,9.347837233148774772e+01,8.633190161627862835e+01,8.096239301676833122e+01,9.558427492855382468e+01,1.242433599218804829e+02,1.236179948120956169e+02,1.301523794758506938e+02,1.367230499505431567e+02,1.051281116043167145e+02,8.932824762348873548e+01,8.680142428612747096e+01,9.785724556948419206e+01,1.169415766563763555e+02,1.394129096160938843e+02,1.263955006262723941e+02,1.158380839047304676e+02,1.194226002888091642e+02,9.521061515183345136e+01,7.904193463272500253e+01,7.267147074088272518e+01,7.383199955565181938e+01,7.785936533235647516e+01,8.703437620248661233e+01,1.102288994456993692e+02,1.386738127707778290e+02,1.283042031352522088e+02,1.304600169759289656e+02,1.124942801669593280e+02,9.430120043010764164e+01,8.599284868207104182e+01,8.720438572127270049e+01,9.583957295632683326e+01,1.001727422819683682e+02,9.770931945094582716e+01,1.089361869010950556e+02,1.331174183889527853e+02,1.153189436884476891e+02,9.418361599142569673e+01,9.055486163800472355e+01,9.831587440258982724e+01,1.238283329092356979e+02,1.047582977565275257e+02,8.351763774022305142e+01,8.493361166166366161e+01,1.135463148476966921e+02,1.388421301924786349e+02,1.422621450137745285e+02,1.506544221405224278e+02,1.433304438441845718e+02,1.123315404685335039e+02,9.493986050738490690e+01,9.428147463955626506e+01,1.018046172281653270e+02,1.153208510364543429e+02,1.353187874042732517e+02,1.526395441638453008e+02,1.456871004917962011e+02,1.245783396893874624e+02,1.063354240716178793e+02,1.011769820020002157e+02,1.031908134069583411e+02,1.056261958521579061e+02,1.139547199481440032e+02,1.333192373220991840e+02,1.448120686808102278e+02,1.252553833947623474e+02,1.137682161429996768e+02,1.072670883842761924e+02,1.100371538550457444e+02,1.192010611584445456e+02,1.410658888378137021e+02,1.636409204582874963e+02,1.733002665167206828e+02,1.439765359235923086e+02,1.250643650018093638e+02,1.198600316533500205e+02,1.147977077760132545e+02,1.173464685023669745e+02,1.326920214283769326e+02,1.424400707234533741e+02,1.432664589235259314e+02,1.448874947948992826e+02,1.377703824662449676e+02,1.389591921736769962e+02,1.416858340867081552e+02,1.472296940537702028e+02,1.418429976175686420e+02,1.518232076961729433e+02,1.694259705585348570e+02,1.804354109962657162e+02,1.809659425339982022e+02,1.877835757232835761e+02,1.853340437183607037e+02,1.829325904608356268e+02,1.854257328014064115e+02,1.825090069544200730e+02,2.014347457116493274e+02,2.294745573445690070e+02,2.161088007355816956e+02,2.063118095344462404e+02,2.121749268354644755e+02,2.032359239182552813e+02,1.691753101105560120e+02,1.764889726442243614e+02,1.882433476066119056e+02,1.414183928803591925e+02,1.041919838867935653e+02,9.318674152061404925e+01,9.418517536022277170e+01,1.172067283623799767e+02,1.377705359384106032e+02,1.485552497539376589e+02,1.549557325106602264e+02,1.386164929887678454e+02,1.382524896535542496e+02,1.418039055156577888e+02,1.307641897789905556e+02,1.164904571945151304e+02,1.223630750691130800e+02,1.338237057208530700e+02,1.076644793543030687e+02,9.747279762610909870e+01,1.248647625292937420e+02,1.414724295835002863e+02,1.372196408532544467e+02,1.477872406726106078e+02,1.466519310989689870e+02,1.206323581040782926e+02,1.305133791235841443e+02,1.385363962242164177e+02,1.248205883812881751e+02,1.255664062716054445e+02,1.401058890484725339e+02,1.397456850036210767e+02,1.445892433098628942e+02,1.594776142212888601e+02,1.588885971233050327e+02,1.510148137438606000e+02,1.806251115572039794e+02,2.078925783567391363e+02,1.889960646401025315e+02,2.045141664890954019e+02,2.119085808716977226e+02,2.008247778067671163e+02,1.853478025873479282e+02,1.845602878791450792e+02,1.712061865664434208e+02,1.788514414119299545e+02,1.717898569586137967e+02,1.757171828115835410e+02,1.526395247862350573e+02,1.445214963702962052e+02,1.516000320874108525e+02,1.717390107986002192e+02,1.985359686441632334e+02,1.828417302533726456e+02,1.962258000213460036e+02,2.077195381861245096e+02,1.944862092584272659e+02,1.630977071215607452e+02,1.481750603741380701e+02,1.539412504448149832e+02,1.226990264521832756e+02,8.664302610902414870e+01,8.263793198704672704e+01,9.672929157490683849e+01,1.076531803529573494e+02,1.130751723024837503e+02,1.214562503008225747e+02,1.089838758843026767e+02,1.024201355221140091e+02,9.815894881900727853e+01,9.063603977148106594e+01,1.098442436881789916e+02,9.560508387099996241e+01,8.223143746588357317e+01,9.469145593626191726e+01,9.968764786237065323e+01,1.003053813467110160e+02,1.239419324169486600e+02,1.349231689871216417e+02,1.387943025168697204e+02,1.448318400319722628e+02
1.722620070766344895e+02,1.820891079635930510e+02,1.718504240439556838e+02,1.837006590513774995e+02,2.116855815532253473e+02,2.000541228631318802e+02,1.825423084492808243e+02,1.812101695273181861e+02,1.918848801295995088e+02,2.005785195821092088e+02,1.909248298630008094e+02,1.942446702884323884e+02,2.138280121375005081e+02,2.035417398364161556e+02,2.196901538900994240e+02,2.234366429817555684e+02,2.324277541379827881e+02,2.487074938831988504e+02,2.487872143174406574e+02,2.226659824128579714e+02,1.672807584532392866e+02,1.333849790003428382e+02,1.244487802251251196e+02,1.313768460068987167e+02,1.429422211161912628e+02,1.536141526466199139e+02,1.694111051564678121e+02,1.667730294724757698e+02,1.470008030778224395e+02,1.354625088561131747e+02,1.469368547409869734e+02,1.585595765256965990e+02,1.555713886621361723e+02,1.451725612424977214e+02,1.363890080842399470e+02,1.365071695254378028e+02,1.489837696338152284e+02,1.895841294609651868e+02,2.090105734691204020e+02,1.994226723847205278e+02,1.803162656474111145e+02,1.686519220060260693e+02,1.556267191716175375e+02,1.447378678839319832e+02,1.469394713180601286e+02,1.587098951255367183e+02,1.847096004693545694e+02,1.749722172765394816e+02,1.583690549565940842e+02,1.515773286411267975e+02,1.403548951520768924e+02,1.363632077101215430e+02,1.331903017109176233e+02,1.294778387480694164e+02,1.287400017980330347e+02,1.376189580778204800e+02,1.506893166080162132e+02,1.700835466223840626e+02,1.782679454743923202e+02,1.637562817028824611e+02,1.695723393366777145e+02,1.577527784062937712e+02,1.418237140480219978e+02,1.445287400785474574e+02,1.695855775217116559e+02,2.026391376718662514e+02,1.770344637890165984e+02,1.632535930513732012e+02,1.621425087201615725e+02,1.570562953170368417e+02,1.518538435355829677e+02,1.517659023938425378e+02,1.548255572673496943e+02,1.633459752410086310e+02,1.531860506537143181e+02,1.452635532533216747e+02,1.503031627515464947e+02,1.712761728191878490e+02,1.985601503380925692e+02,1.977737884432521014e+02,1.996484649961525690e+02,2.014698740069362373e+02,1.732742344548661038e+02,1.577089295247656651e+02,1.571091209938279860e+02,1.547681774091396676e+02,1.577508584512835625e+02,1.714072856443467288e+02,1.814628916006669783e+02,1.757131910441407854e+02,1.677423895253804744e+02,1.647557276275158813e+02,1.596235064133252877e+02,1.551847097912456377e+02,1.582110760388018207e+02,1.653215577961531721e+02,1.778421868994905992e+02,1.731975679759550815e+02,1.643918029320631149e+02,1.653797149034991207e+02,1.664108001479882546e+02,1.723354508922538457e+02,1.719863807104678983e+02,1.799787830039766163e+02,1.879799414009010263e+02,1.979132181422684198e+02,1.878393858573600426e+02,1.830830102730288331e+02,1.829434453790907469e+02,1.874541261393663092e+02,1.862945149518821779e+02,1.943983793288867616e+02,2.034817752046986641e+02,1.969765192670848535e+02,1.954998681003543481e+02,1.952233539986660560e+02,2.107708236109760946e+02,2.062820070304727551e+02,2.048581393690924699e+02,2.002757307552498105e+02,2.005641797489013243e+02,2.095968642892077582e+02,2.363891759043439151e+02,2.329716137135698659e+02,2.394895902330285367e+02,2.271111461014755264e+02,2.409893615128291913e+02,2.413689367139534170e+02,2.292430347584912624e+02,2.184873115031510338e+02,1.875729647653543566e+02,1.784600809590827168e+02,1.857111702756944851e+02,1.804301986671528368e+02,1.924484758564317985e+02,2.079377637823625946e+02,1.862041804703569028e+02,1.690330557870213397e+02,1.600994988771296619e+02,1.636415957822558482e+02,1.775820728182538915e+02,1.582666303245855204e+02,1.501015237549626420e+02,1.543557143656915116e+02,1.436632977199412835e+02,1.559865917176273626e+02,1.639565864504764363e+02,1.489276240275195562e+02,1.458977426214888169e+02,1.536857926473139742e+02,1.539773379144662329e+02,1.570981041613892444e+02,1.497131874456718776e+02,1.414570546629445857e+02,1.381453817965169719e+02,1.473944393819382981e+02,1.501519885054465533e+02,1.477440021494271605e+02,1.703775552778423901e+02,1.649911208060527485e+02,1.469898631887095064e+02,1.655413497653888157e+02,1.730545604245131699e+02,1.789717709819135507e+02,1.770938184975940430e+02,1.947599459624181009e+02,1.833131077065924899e+02,1.924660881377556336e+02,1.941543739873794152e+02,1.900797392931745264e+02,1.806750129397941009e+02,1.914766533136852331e+02,2.103746995589497431e+02,2.144952572670685811e+02,2.187786729958431806e+02,2.036931165652333675e+02,1.894796904540652065e+02,1.681204318668705184e+02,1.792531791322250285e+02,1.822823311636049084e+02,1.743613386239559588e+02,1.863913780529621818e+02,1.947909850650884209e+02,1.782090045720820228e+02,1.810071725437048542e+02,1.803312034918127154e+02,1.864478860816368524e+02,1.896255084944072564e+02,1.928070159320733126e+02,1.988531522996032095e+02,1.875454090540865764e+02,1.864498254663273826e+02,1.668638844648917541e+02,1.493230882130349357e+02,1.671074116561725305e+02,1.394248945350210818e+02,1.227190204906080311e+02,1.353852355550301354e+02,1.638900874383818405e+02,1.572621445930862762e+02,1.544117544280143193e+02,1.466510883313437432e+02,1.465369928950519238e+02,1.525015519220733040e+02,1.561918002813653459e+02,1.506855763700737043e+02,1.719162175566727058e+02,1.382251520430353651e+02,1.398810470013408747e+02,1.660262593161611733e+02,1.880338001745465704e+02,1.579879052262865855e+02,1.575152965949089889e+02,1.472521169723503363e+02,1.541047930849616137e+02,1.457111887615664045e+02
1.866106083580141330e+02,1.703247020945742634e+02,1.684863046521437582e+02,1.821368155837045038e+02,2.127638937597932909e+02,1.996173485979571183e+02,1.935301170063538336e+02,2.007193895611049470e+02,1.968410297032486937e+02,2.036477768849056247e+02,1.980116587070384355e+02,1.981271565312814573e+02,2.007686006816331030e+02,2.036515811576702788e+02,2.073378183882889232e+02,2.201470333012493938e+02,2.562487447372944303e+02,2.647036004821060828e+02,2.528632470738876634e+02,2.314442331395378289e+02,2.238264169873669402e+02,2.278548629184693937e+02,2.134851072351817152e+02,2.104333686726874930e+02,2.111743428756278718e+02,2.112646689217343123e+02,2.312455174177324295e+02,2.417658133678962429e+02,2.289321429384153816e+02,2.515028928615712687e+02,2.536978606101767468e+02,2.510812611644103924e+02,2.422103270907094839e+02,2.427502052862397761e+02,2.342147252066412761e+02,2.240688587001134806e+02,2.209676537988638074e+02,2.396464697769079919e+02,2.324657391179201795e+02,2.244429888261110477e+02,2.566940995940584571e+02,2.379450025892259646e+02,2.262432880768853352e+02,2.412944324206255544e+02,2.580538546535634055e+02,2.533441846459974727e+02,2.381308267528938245e+02,2.546242297107888817e+02,2.571694706372099972e+02,2.499561214746507289e+02,2.549885186631830152e+02,2.554080292212583174e+02,2.467291592357261720e+02,2.390481665812332324e+02,2.547512734380999291e+02,2.508413926314936475e+02,2.308715046874959853e+02,2.167123994641252125e+02,2.066325366892171189e+02,1.873458057858893824e+02,1.925699843326296445e+02,1.976787815562489357e+02,1.901976435109601198e+02,2.110018544606114688e+02,2.288952120022968302e+02,2.346949427130597883e+02,2.464765944943388831e+02,2.375859442584078352e+02,2.214147446529008789e+02,2.349099617496624433e+02,2.223642741402257741e+02,2.170590351340355824e+02,2.138955516676807349e+02,2.182631479014283400e+02,2.364028048262150605e+02,2.421835282219551004e+02,2.499282745506877745e+02,2.346033776112194857e+02,2.228740344542825369e+02,2.264261956978099875e+02,2.339002291647727247e+02,2.338984554268794511e+02,2.378730015508420479e+02,2.476197518012778289e+02,2.426595269803060546e+02,2.277733327159056955e+02,2.425210223619234853e+02,2.561337222444846020e+02,2.510574843900930375e+02,2.497407858175988622e+02,2.289962742105520306e+02,2.355490541244347469e+02,2.378752650763840393e+02,2.517608363894818524e+02,2.270029290813365606e+02,1.904633748958542583e+02,2.048463135809696212e+02,2.275940017750919537e+02,1.935718797665120974e+02,1.889795187793663445e+02,2.008902946275043178e+02,1.978970485816055032e+02,1.856312373300007721e+02,1.733114411103958901e+02,1.788246284278539235e+02,1.715076894564212466e+02,1.562297327830791858e+02,1.654677215955279337e+02,1.638042853268299268e+02,1.516271919747410948e+02,1.528576018769948348e+02,1.777617795138878876e+02,1.675059468074466338e+02,1.735562559813028543e+02,1.801040306793288153e+02,2.003099259225210176e+02,1.881572801625080729e+02,1.940227965776759902e+02,1.863389237321933081e+02,1.517358905989162565e+02,1.414797286347515808e+02,1.527505625580684807e+02,1.648209508013750053e+02,1.824909953818856820e+02,1.818009876015577220e+02,1.984743569405455901e+02,1.969668420959054913e+02,1.889217095132336794e+02,1.978125925078869614e+02,1.793419232496775351e+02,1.500975568553179755e+02,1.364994219699294433e+02,1.506055064782658235e+02,1.507622005413789736e+02,1.413092206888079545e+02,1.411325191963204873e+02,1.425147260087906034e+02,1.402056043855107248e+02,1.348679911690727238e+02,1.231997023263239726e+02,1.140886065307330455e+02,1.269720543473970906e+02,1.647266567253868175e+02,1.446711773398945695e+02,1.403120487521329096e+02,1.520442611318053423e+02,1.475220693668229615e+02,1.353474940134473172e+02,1.400537712196237976e+02,1.350889924787471728e+02,1.361845695018199081e+02,1.403532219826402638e+02,1.434590231853052558e+02,1.477563472880880795e+02,1.515041231614916910e+02,1.722919800796381651e+02,1.820966498595113023e+02,1.581468949062368381e+02,1.737213846895880636e+02,1.683105898429250260e+02,1.475867130055463576e+02,1.501692708967585759e+02,1.672476837266462439e+02,1.635835700930179542e+02,1.727101561632866265e+02,1.974689014739543325e+02,1.714738691599409037e+02,1.713008179643158542e+02,1.676363832793948063e+02,1.745363390572465505e+02,1.681037946512511212e+02,1.754794196447784316e+02,1.878023979035000934e+02,2.115056653259911741e+02,2.041320136135534256e+02,1.840577241741827379e+02,1.626308146699145709e+02,1.473405683040289205e+02,1.454777299565878366e+02,1.616311317889154111e+02,1.429693456858567515e+02,1.519875545646654018e+02,1.673219373449667557e+02,1.893169434929364456e+02,1.832246273868834976e+02,1.897084923128433900e+02,1.713931385774084220e+02,1.638896928015358583e+02,1.700443851529888661e+02,1.842876485327927014e+02,1.492766907584529577e+02,1.052501259489121708e+02,8.605219351808420924e+01,9.129017332895813297e+01,1.150891562035199769e+02,1.471950290785579227e+02,1.416044415893453277e+02,1.367484811502318109e+02,1.367272985296106071e+02,1.287577584721860546e+02,1.318750173181424827e+02,1.465685676397991131e+02,1.422508311559224126e+02,1.429581833282964567e+02,1.630629051091927693e+02,1.727299435051216960e+02,1.889661798659516307e+02,1.843956688728233928e+02,1.717264078752754983e+02,1.720625516811788600e+02,1.717614240836298336e+02,1.711997158073230025e+02,1.920752829529680810e+02,1.735261701872142908e+02,1.569072739638197902e+02,1.381656811816620518e+02
2.064060211040939521e+02,2.059983396307162593e+02,2.242195363548060811e+02,2.318268660953764027e+02,2.230573733598582749e+02,2.275710336403534484e+02,2.364606773792753529e+02,2.379567507101024262e+02,2.505239957271622302e+02,2.387474391959827358e+02,2.316627884596484819e+02,2.298350509190540834e+02,2.350670425510841142e+02,2.340736419251620646e+02,2.306192723173303420e+02,2.433148329185461307e+02,2.606260002060122360e+02,2.445336511416027747e+02,2.076254064320187922e+02,2.093643090440728542e+02,2.215719506842071951e+02,2.215493880007022369e+02,2.149973615054352649e+02,1.969251114118334272e+02,2.035166865047588374e+02,2.345446980620762361e+02,2.453828047533548613e+02,2.301449637753985655e+02,2.214291835919584628e+02,2.384311162564931408e+02,2.235801468329393060e+02,2.220133007104147680e+02,2.427547306440449404e+02,2.399278731905637869e+02,2.324736823787299898e+02,2.588963165661728567e+02,2.587634389142971827e+02,2.551166057755334862e+02,2.241865407465567728e+02,2.254581106213194346e+02,2.754072015009806478e+02,2.728165634082698716e+02,2.521938504027431236e+02,2.355922273536909586e+02,2.294148688231545066e+02,2.368482168310166003e+02,2.340290860868145728e+02,2.357039489641256864e+02,2.426106393016922596e+02,2.510674941120823007e+02,2.370456415573476363e+02,2.531241818830743568e+02,2.360376035427505883e+02,2.310347239797803525e+02,2.563236349538885861e+02,2.447526163025902406e+02,2.173472275888737215e+02,1.712945415690332425e+02,1.745625085828345391e+02,1.840070256710671686e+02,1.896321301684069169e+02,2.100430368828334906e+02,1.931070559449022710e+02,2.089073065828775952e+02,2.206522650610106098e+02,2.311760165964477665e+02,2.285783690928077192e+02,2.467902354741700606e+02,2.449330314789902161e+02,2.407970954550272609e+02,2.256305482267397906e+02,2.052074867906785016e+02,2.102396000807420364e+02,2.118565969947764529e+02,2.363112740208229923e+02,2.214667399775886167e+02,2.126098938874924045e+02,2.106572601995252398e+02,2.141652786512553632e+02,1.983458896830548497e+02,1.897242358285561181e+02,2.023999842369795488e+02,2.239932516811763605e+02,2.406037691511726848e+02,2.283035695573092596e+02,2.410244595637140890e+02,2.314719892298943478e+02,2.288577972443573572e+02,2.359695506568556880e+02,2.336830225472680240e+02,2.262717442055470656e+02,2.314018130963381168e+02,2.488193981417396969e+02,2.514084842197709975e+02,2.479296672776185346e+02,2.150747996227567569e+02,2.237376860531457794e+02,2.184389796669124166e+02,2.082301196582198770e+02,1.882939910932074099e+02,1.685545068678675307e+02,1.449633276128780608e+02,1.285605628544435319e+02,1.274900810449572077e+02,1.282612101668264302e+02,1.254409524071445361e+02,1.205914539474725871e+02,1.179832563551136673e+02,1.069738899535292092e+02,1.015895729309875151e+02,1.013384835257543131e+02,1.060385936419010733e+02,1.062287199078858890e+02,1.157810968806965235e+02,1.356297103932261621e+02,1.458750279437568622e+02,1.371013547345179688e+02,1.399673837264855365e+02,1.325773033726589745e+02,1.041869786045519390e+02,9.550272370351609652e+01,1.037769632531344826e+02,1.164490653841133678e+02,1.289976040678251366e+02,1.273530631711124812e+02,1.334649293075306389e+02,1.374970858227088684e+02,1.337925720394468669e+02,1.479104867753979136e+02,1.297077536898088965e+02,1.118775334184405637e+02,1.264437703448130605e+02,1.265716502524859948e+02,1.444216437227005940e+02,1.265551098355401791e+02,1.015988089366241525e+02,1.000063723915317695e+02,8.725906382738371292e+01,6.681562124073782627e+01,5.904616698005136755e+01,6.703608275351498946e+01,7.972482793575015592e+01,1.021152997852632609e+02,1.004535949428595103e+02,8.456953228893387120e+01,7.769751047291980228e+01,7.620900247964212326e+01,7.723032697674135250e+01,8.154218430350606184e+01,8.830586342200167849e+01,1.122008954380757046e+02,1.209044436166096830e+02,1.166640839089876351e+02,1.070534402626825141e+02,1.157123282486438427e+02,1.394843080440699339e+02,1.432463512834985977e+02,1.476527214560798598e+02,1.603707232777208844e+02,1.510927091210026845e+02,1.473024182970548281e+02,1.504537540796698067e+02,1.465906051682904376e+02,1.470308220230310781e+02,1.522867327148741765e+02,1.733195277092688400e+02,1.630753037083869685e+02,1.510788684506339905e+02,1.423904918148987520e+02,1.451593375522079441e+02,1.289415286031584742e+02,1.396897172610319728e+02,1.820511236832177815e+02,1.862323000133397670e+02,1.773236073402216277e+02,1.719337686046420401e+02,1.288185520459386737e+02,1.241646572102762036e+02,1.201634472890518452e+02,9.446986806155123872e+01,9.248192453309557948e+01,1.152744248666316196e+02,1.455239374637084779e+02,1.618587793186102886e+02,1.588368156235561344e+02,1.801402895674347064e+02,1.740461066064767692e+02,1.641554384839379281e+02,1.817144072543042626e+02,1.568054360880400395e+02,1.071379516623266568e+02,5.929498405266345173e+01,3.948434984021433536e+01,5.052059095449394732e+01,9.131960988501649013e+01,1.167011839688232584e+02,1.024625903263431468e+02,1.081874820248291513e+02,1.152899272900527734e+02,1.048930671717066474e+02,8.724124667660433374e+01,8.828812639859005174e+01,9.085455960815450283e+01,9.619436588541528010e+01,1.089161374173940970e+02,1.208402567720482779e+02,1.448973061782937748e+02,1.891573140783742986e+02,1.833758708890842684e+02,1.880599967137278554e+02,1.587989701773495597e+02,1.474815827896063922e+02,1.600974335824951709e+02,1.536036323458998254e+02,1.203036987669079707e+02,1.030375661437591361e+02
2.262496536272484491e+02,2.146416810146139369e+02,2.185555798331637618e+02,2.317857672946543062e+02,2.329016755055292833e+02,2.463546057734856447e+02,2.496488454961479135e+02,2.279382857259537047e+02,2.200325027275777643e+02,2.410849271809454990e+02,2.386405021030113573e+02,2.308798803273611213e+02,2.242510288890269408e+02,2.054299086342106762e+02,1.926532635049345572e+02,2.068644536438383170e+02,2.110276073423097785e+02,2.093271425443574003e+02,1.940940562354333565e+02,1.954722220520236249e+02,1.867906878241342383e+02,2.087600263089566965e+02,2.283648771717561203e+02,2.179406136133925429e+02,2.298296274452809200e+02,2.326676825011123242e+02,2.156288314670634065e+02,1.965103683270949091e+02,1.944381461090268317e+02,2.150479002729483966e+02,2.152599682871768039e+02,2.203771661718044470e+02,2.416568044444522627e+02,2.424459630844202138e+02,2.487135236699037932e+02,2.622830780144698792e+02,2.627709347663031281e+02,2.212273366813947462e+02,2.101001871366720763e+02,2.280495353529301212e+02,2.346973086263507184e+02,2.418264191352082264e+02,2.470387666962457160e+02,2.290083516346765009e+02,2.224806859573990323e+02,2.411956453270550469e+02,2.347959847546334800e+02,2.329009790760269993e+02,2.482440028854554157e+02,2.518230732830944021e+02,2.355575804376683209e+02,2.350579806565186800e+02,2.378436381961506356e+02,2.432815446981880427e+02,2.667707120346537977e+02,2.658080251227706867e+02,2.189234783803972277e+02,1.520804027711023423e+02,1.284354221031986754e+02,1.223044183921379897e+02,1.324688138966928932e+02,1.531645953413068924e+02,1.764829878787390669e+02,1.872552737518484776e+02,1.751271093669153345e+02,1.819836404917531070e+02,1.880414301492969287e+02,1.863728523418174063e+02,1.652505830387271999e+02,1.596507706014507733e+02,1.590801254154346793e+02,1.439126109073309294e+02,1.332486361905414469e+02,1.541152242366714802e+02,1.945229977719714327e+02,1.793389370932693225e+02,1.991549622222650555e+02,1.882662900270430555e+02,1.860778619755782302e+02,1.592961434474112536e+02,1.474877438375114309e+02,1.417899672464239700e+02,1.648839264445381332e+02,1.928502694507369029e+02,2.074050417758519131e+02,2.084505244646826441e+02,2.081515211071613294e+02,1.935845465809130417e+02,1.978604160863494883e+02,2.066845130593701469e+02,1.927408573082368832e+02,1.904252780736238435e+02,1.957866055697560057e+02,1.961986090695472456e+02,2.143661917909672354e+02,2.416451377673176069e+02,2.135655543839091592e+02,1.898060188110180775e+02,1.915984346672850052e+02,1.861996290203437923e+02,1.746227130459532759e+02,1.470591425878619987e+02,1.370424206655062562e+02,1.470310064507962977e+02,1.451413965284065171e+02,1.447289315572262183e+02,1.441126660693097392e+02,1.362244368882819003e+02,1.299221603156706237e+02,1.308989056167229421e+02,1.252669104035652907e+02,1.243614559768421941e+02,1.244485296648998940e+02,1.314291985506004607e+02,1.527996601290858507e+02,1.562190141578880400e+02,1.616116279456739449e+02,1.580791338871196672e+02,1.435370395299172230e+02,1.270936285987784515e+02,1.229060659536210665e+02,1.338994519183025602e+02,1.438314855382961923e+02,1.533168392617210998e+02,1.488735312470675751e+02,1.518356785531944411e+02,1.601795030657844734e+02,1.504609482778670611e+02,1.434663970742367667e+02,1.306943809284801148e+02,1.166267715310937803e+02,1.260808805928112406e+02,1.480081039080463086e+02,1.569518823907076239e+02,1.525022101214371446e+02,1.199766203282435413e+02,1.232480099662285227e+02,9.882801296238287136e+01,7.975298709957067445e+01,7.209914176592150170e+01,8.624646531932850735e+01,9.289265525553523162e+01,1.066172399386590115e+02,1.285326834068058588e+02,1.063729166115390399e+02,8.721587925124779872e+01,8.921566259753207362e+01,1.011151070486498611e+02,1.063710637726084514e+02,1.116702370329912242e+02,1.147719488071232661e+02,1.174221751319555977e+02,1.303953226943710888e+02,1.221272440353322821e+02,1.253327043061980675e+02,1.430305101804232493e+02,1.456702541692356476e+02,1.770934700215309761e+02,1.724401831319732992e+02,1.462770482685009199e+02,1.515993679301133170e+02,1.511630087569648140e+02,1.429870613503917127e+02,1.371294401949130020e+02,1.659189382065238760e+02,1.676956775682056673e+02,1.639509715638227476e+02,1.685473213406860395e+02,1.580268490426085464e+02,1.693357596287848139e+02,1.485929121601420775e+02,1.533778294722225155e+02,1.816082993002898718e+02,1.764232235340421369e+02,1.769462960815088195e+02,1.639672181786039005e+02,1.399242196145395951e+02,1.260514369364923652e+02,1.139573556079948276e+02,9.204592765932819987e+01,9.404548857411641904e+01,1.221848357648320018e+02,1.621912824834667504e+02,1.669271825013060493e+02,1.831778516563092580e+02,1.961184869067116665e+02,1.894586116320242581e+02,1.815591336511590157e+02,1.978234725551473616e+02,1.736489222746512553e+02,1.325350712111591065e+02,7.793711155090957732e+01,5.840423434229372646e+01,7.249008259073548288e+01,1.229537505946194642e+02,1.293735690894706636e+02,1.296738745359779443e+02,1.511100734086352020e+02,1.488405485617592774e+02,1.294976277304207315e+02,1.127922011636707964e+02,1.126719593482382749e+02,1.181445929772021088e+02,1.248080223856585746e+02,1.318680421553466431e+02,1.350564386927813416e+02,1.595629780627117498e+02,2.008055701536402751e+02,2.156638706946708339e+02,2.086064704557413734e+02,1.850236913376364782e+02,1.674012588805139501e+02,1.609056614227245632e+02,1.671722223456419272e+02,1.390097189051408009e+02,1.250784146875141403e+02
1.835493102360410376e+02,2.016942472048652064e+02,2.176488890239489251e+02,2.375992820034158228e+02,2.449840845229861372e+02,2.534712286863100701e+02,2.451831942702154663e+02,2.356885220408501027e+02,2.297411871140977553e+02,2.223153058158860347e+02,2.033808765028634298e+02,2.193246826051700396e+02,2.454527105554373634e+02,1.982711174403049199e+02,1.633837304802981691e+02,1.617475689562615173e+02,1.695883690677501363e+02,1.862115227408721125e+02,1.881840740089040196e+02,1.929251274711602662e+02,1.748777748462574095e+02,1.805541012021151346e+02,1.914699372927305774e+02,2.074040093894004428e+02,2.071939733786834097e+02,1.942667498462994899e+02,1.860982656501473116e+02,1.845930317189013863e+02,1.762285681325313362e+02,1.881603373933549221e+02,2.164346831140393874e+02,2.059940608701685107e+02,2.140040586086511780e+02,2.165063939611237060e+02,2.100603714081998987e+02,2.212828615425746648e+02,2.539698648011764988e+02,2.217873378313520902e+02,2.099519883209614193e+02,2.236122414331511550e+02,2.098610105421496144e+02,2.003923768786236792e+02,2.147667095956472849e+02,2.356693768470665020e+02,2.176639511510688578e+02,2.378509295242968165e+02,2.432560263488469445e+02,2.332170223763711761e+02,2.264377957713493572e+02,2.375720993717652050e+02,2.356246132343445367e+02,2.369062752405085917e+02,2.326997321456423435e+02,2.365483347875039044e+02,2.416519198545375104e+02,2.514950883080358039e+02,2.117801102904838046e+02,1.680096773080491062e+02,1.449599146176495310e+02,1.368352039730293939e+02,1.465545821245850959e+02,1.490163403387698224e+02,1.447309870177877542e+02,1.441581089788857355e+02,1.449802286348158304e+02,1.461428888841928142e+02,1.487766424606276132e+02,1.539545381307927414e+02,1.350922114159361627e+02,1.234048402863172953e+02,1.302147239159828302e+02,1.223743875753780941e+02,1.107431431292987298e+02,1.295260088877540170e+02,1.445410066362169061e+02,1.387631861964444511e+02,1.492317298764715190e+02,1.409632899642776351e+02,1.250112931402081387e+02,1.151112144646961895e+02,1.213453464135365607e+02,1.088848169728982640e+02,1.149977046279362582e+02,1.359336677416409032e+02,1.542171770648133418e+02,1.669381344699459078e+02,1.746453587783900616e+02,1.666282711285612095e+02,1.798852297876729835e+02,1.960777555597418029e+02,1.988000737307370969e+02,1.812575295011374976e+02,1.669953194487422081e+02,1.841513058224087160e+02,1.882767745152035843e+02,1.873246406535380117e+02,1.694494252504881899e+02,1.563769131728597017e+02,1.515194466677424430e+02,1.572364171183622261e+02,1.595695695547531159e+02,1.514098887771853299e+02,1.632293867215780665e+02,1.783596115652903791e+02,1.934826792013752481e+02,1.901496118307418044e+02,2.017427707937550281e+02,2.028559904299248728e+02,2.061046870546418575e+02,1.992847754912298228e+02,1.845203796157982481e+02,2.016852992588889038e+02,2.182808578050498909e+02,2.165197704702531212e+02,2.069174250336571959e+02,2.166084323791559143e+02,2.294203320874676706e+02,2.182417296924337222e+02,2.156576324085800707e+02,2.331546622918336595e+02,2.344322267574498255e+02,2.307669641753357439e+02,2.278979612483772428e+02,2.359406477507827162e+02,2.293117770940124274e+02,2.196313813521807674e+02,2.452799811544305726e+02,2.275525923432603577e+02,1.996858571565324212e+02,1.828657576307342936e+02,1.663008208718537162e+02,1.618052121266640029e+02,1.954068982984758520e+02,1.949945796835572480e+02,1.883352975748317135e+02,1.807277485647192918e+02,1.743438128805315159e+02,1.688712027321139999e+02,1.520452609749753776e+02,1.378129543507581616e+02,1.395937477672412683e+02,1.611427864925771587e+02,1.904112710437620137e+02,1.874865168484758442e+02,1.991892695447976394e+02,1.845313460496599873e+02,1.814059340881626952e+02,2.166088329510077699e+02,1.965544060638305268e+02,1.862204630387232100e+02,1.986661989560488735e+02,1.923447019651667347e+02,2.073462435759581126e+02,2.102655428171059953e+02,1.909077504300253736e+02,1.921054248526952790e+02,1.843429868892016827e+02,1.800783538630789167e+02,1.653565577359437384e+02,1.493648331327787275e+02,1.561597582304163723e+02,1.879506632483047781e+02,1.760625640833976036e+02,1.649153120439488873e+02,1.855816638524904647e+02,1.694552319266114750e+02,1.544670701004500302e+02,1.405545674331353325e+02,1.463726217050981404e+02,1.419736778609408248e+02,1.451842239927643163e+02,1.660582607262826969e+02,1.594320568002053449e+02,1.470846700507602804e+02,1.742623916920801435e+02,1.920532741989764816e+02,1.816449972625883902e+02,1.835011184639144801e+02,1.997579248703434587e+02,1.788733829361645178e+02,1.727899828014697050e+02,1.885529002793623476e+02,1.980594135635346049e+02,2.091138965579894489e+02,2.060896230223542602e+02,1.907679728662237721e+02,1.789929754507659823e+02,1.564834086876986419e+02,1.373750857321657008e+02,1.509784221111233649e+02,1.720864994593922859e+02,1.673315200157580307e+02,1.756196017890365511e+02,1.684414697475624791e+02,1.749497004254265562e+02,1.775037069609817593e+02,2.120556727749266486e+02,1.920116274631609485e+02,2.018867414124674724e+02,2.188949517212423075e+02,1.981977805882118560e+02,2.061649585254296824e+02,2.347003300489963635e+02,2.103521697174346912e+02,1.974281213383053171e+02,2.021840294678351881e+02,1.765474605248078035e+02,1.763844350648474233e+02,1.924160729881028828e+02,1.710073954071056619e+02,1.651908082509552855e+02,1.781453565610378291e+02,1.774623281298465258e+02,2.091544891281954222e+02,1.936800765765552228e+02,2.003234883533988864e+02
1.401401796152469501e+02,1.308405517283219979e+02,1.338056648096137451e+02,1.520685296763174392e+02,1.636151636598230255e+02,1.691325823261370545e+02,1.891480494576005071e+02,1.941702062232785977e+02,2.105590377169479552e+02,1.638216810504376326e+02,1.565697476927499849e+02,1.905178639796548623e+02,1.962216113476827104e+02,1.847667574097059457e+02,1.718478271630883398e+02,1.712660242988659434e+02,1.752286375801477050e+02,1.743353481212199085e+02,1.639962857106699516e+02,1.418033446836161033e+02,1.414354348080150885e+02,1.537499550554066445e+02,1.616065078480148713e+02,1.503727605087887298e+02,1.422787528121404534e+02,1.346622031552763019e+02,1.340860139893977134e+02,1.380744382001766439e+02,1.463080135589523536e+02,1.439051384856155664e+02,1.578607924477459505e+02,1.816654040376549233e+02,1.606898986998642442e+02,1.709309987536141762e+02,1.662154977041870154e+02,1.423330759178256528e+02,1.387156749572864953e+02,1.328993443481950578e+02,1.312900220544323133e+02,1.468710632969860512e+02,1.325056660865596143e+02,1.221100104168151432e+02,1.234815283104732515e+02,1.436910188694822352e+02,1.817299256822186635e+02,1.682056075937772448e+02,1.483238880816495566e+02,1.449491343290076486e+02,1.361904475480084500e+02,1.357699711498389377e+02,1.590680802916668029e+02,1.553833062901118751e+02,1.413788512210036004e+02,1.361167566859024873e+02,1.402318652995918171e+02,1.551769584127741837e+02,1.750966552462291190e+02,1.581057062429610482e+02,1.381580527834023542e+02,1.301795898158812577e+02,1.313245520095995005e+02,1.353544436337457455e+02,1.315122608420372501e+02,1.305584800728912853e+02,1.400863284218518174e+02,1.471074162211256180e+02,1.621046909897828812e+02,1.628574297638720054e+02,1.583274795773468497e+02,1.513576324366183599e+02,1.615375147706786549e+02,1.597230830839635018e+02,1.445107006922980304e+02,1.488518253403472045e+02,1.505207470177830089e+02,1.539322125695645411e+02,1.607956864574457541e+02,1.571064546624420188e+02,1.385128372367043426e+02,1.289008178663976594e+02,1.297858781918261002e+02,1.292120328441519632e+02,1.347911974774114583e+02,1.536437177082680705e+02,1.665902726088636427e+02,1.874349091746913984e+02,1.926711865193205142e+02,1.818076307061097339e+02,1.905211911840559651e+02,1.914956493825195878e+02,1.979278724273083583e+02,1.933415394793836413e+02,1.816733247060465146e+02,1.899481574666953065e+02,2.086893670173160444e+02,1.958673814144370340e+02,1.884816379471204471e+02,1.894359935668461219e+02,1.732774766077037611e+02,1.691700668247506769e+02,1.712564957808230588e+02,1.720006967437762455e+02,1.867737894082820276e+02,2.193513191195997649e+02,2.165332148431321571e+02,2.146044046667281009e+02,2.233469205199990597e+02,2.284954618188926361e+02,2.399080926569266978e+02,2.239282607650507089e+02,2.200939203446831698e+02,2.320820944413969755e+02,2.423171850714660422e+02,2.272351599591597164e+02,2.319802816439864728e+02,2.283821392749516406e+02,2.303547731166816561e+02,2.415865774447395609e+02,2.453824867790108044e+02,2.483888883363507034e+02,2.428010229862861706e+02,2.412030155740893065e+02,2.305384103678156293e+02,2.372814765785353472e+02,2.370320266707376504e+02,2.127174181817561873e+02,2.144153013670397740e+02,2.214689513560885814e+02,2.246167214647043409e+02,2.066814197476243180e+02,2.024563748339238600e+02,1.982325181259657256e+02,2.064366442448701378e+02,1.502773551749657770e+02,1.398092043719755111e+02,1.616112640703213685e+02,1.768923233956749641e+02,1.849042380021818985e+02,1.797212861081738424e+02,1.739005158999182186e+02,1.645759890782948673e+02,1.831474800904806557e+02,1.746033744509851147e+02,1.753095533078266328e+02,1.929725139650342953e+02,1.819040038708056954e+02,1.710863628862977635e+02,1.908818935386966871e+02,1.954757195706462483e+02,1.958457126598091236e+02,2.073674611363639713e+02,2.025667134339051927e+02,1.782981696760164709e+02,1.532686363199841821e+02,1.575237696740563820e+02,1.783707716657303877e+02,1.596346286811089783e+02,1.572066801375092098e+02,1.781993547937206586e+02,1.721028260686395015e+02,1.810325173969551429e+02,2.015392661544703969e+02,1.963753459582598282e+02,2.053532034755825748e+02,2.127663491568778795e+02,2.087560348924459959e+02,1.904090654729683365e+02,9.092921959460865367e+01,4.916407379951586165e+01,4.442617373109643353e+01,7.256711563695883171e+01,9.551965328858000248e+01,9.319258261902632512e+01,9.336797383791787297e+01,1.064462479664636021e+02,1.147833837988179795e+02,1.085374488295097990e+02,1.102807853466645014e+02,1.003683513845994781e+02,9.176450273951684267e+01,1.066962138545216021e+02,1.410833951684647900e+02,1.606425885860319056e+02,1.670197466083221229e+02,1.551481147818470845e+02,1.379749213410708535e+02,8.154553499732735133e+01,5.510152545007567682e+01,5.747120105670013857e+01,9.024873886529680078e+01,1.089569661555112390e+02,1.123861802206143778e+02,1.164265605347910224e+02,1.273512906279433849e+02,1.341680374450298814e+02,1.136071780313115624e+02,1.041866752170797668e+02,1.027898567778404129e+02,1.061240568743108525e+02,1.301807471193678793e+02,1.628937221837555001e+02,1.823465873631875809e+02,1.967032017910867125e+02,1.879038308201133134e+02,1.434744948192796983e+02,1.118240767877433512e+02,1.049002040427741633e+02,1.205328551797291254e+02,1.100168602395634281e+02,1.124957219494075105e+02,1.101682016168380471e+02,9.846645677310092992e+01,1.062572576539735678e+02,1.261204575161183641e+02,1.340068989015008185e+02,1.395695401619663869e+02
1.192544516674734041e+02,1.082062709639384366e+02,1.133685899996360433e+02,1.270524685622095973e+02,1.383960372470224911e+02,1.485550464793108176e+02,1.617586038334010539e+02,1.738626628030168035e+02,1.750783676293145845e+02,1.366350627418045747e+02,1.292686924568055815e+02,1.523955383897935008e+02,1.589816701760773583e+02,1.471854383167313074e+02,1.617861746826142451e+02,1.570967299027264801e+02,1.641644271366597252e+02,1.829840869995921366e+02,1.595381591806285257e+02,1.127685133742652965e+02,1.006565711319629344e+02,1.157587532123979486e+02,1.203029301751084006e+02,1.201617964070786684e+02,1.106791472220281207e+02,9.561370375785195108e+01,9.637471358569148094e+01,1.014676236553473530e+02,1.094777247204696238e+02,1.175699223374015929e+02,1.239570063735466476e+02,1.273413623365988485e+02,1.246094518301736969e+02,1.273008349158751713e+02,1.132481984442701730e+02,9.903924306996238158e+01,9.640604789142909681e+01,9.163751151939467832e+01,9.087412514956504594e+01,9.829904673273091475e+01,8.730044169350533423e+01,7.471987352398384985e+01,7.847784135089429469e+01,1.030498096256328466e+02,1.327144436304839132e+02,1.163857769677752003e+02,1.022058130701771859e+02,9.582193868923195623e+01,8.890374664431037388e+01,9.052093826915547936e+01,9.855707358594415268e+01,9.248378275310130903e+01,8.767553081619691113e+01,8.657975975950996883e+01,9.024667979542186913e+01,1.012563712194564260e+02,1.104551126975377713e+02,1.080118804828389614e+02,1.070472090142975787e+02,9.496446048308276033e+01,1.041722731541265574e+02,9.292969726256933427e+01,9.292319556855777307e+01,1.070952807942537959e+02,1.181337775022681882e+02,1.384035241254986772e+02,1.498475320334092658e+02,1.551574385832689131e+02,1.254276288240385924e+02,1.273064602271111170e+02,1.345036563330817501e+02,1.334900502437476462e+02,1.549375443727295760e+02,1.503860790209021161e+02,1.318003215395767427e+02,1.328392719058896603e+02,1.465793618939772216e+02,1.625367987839995294e+02,1.732560218620066053e+02,1.839748214880297041e+02,1.630936018551284690e+02,1.544970902007657401e+02,1.627440193577932632e+02,1.921327064781928016e+02,1.902701163520371779e+02,1.940249486386552462e+02,2.282373267004740001e+02,2.548028977726230551e+02,2.232245288896393447e+02,1.988169606481527865e+02,1.994787213558453232e+02,2.157464213515458198e+02,2.092160406456372641e+02,2.126919132820295886e+02,2.121266544201928923e+02,1.974568370756299487e+02,2.128850907662306042e+02,2.195763844791744646e+02,2.230988880207540603e+02,2.034127783415968906e+02,2.202426561797396687e+02,2.422182257620137307e+02,2.200358362193836967e+02,2.095699696433396753e+02,2.058673954935878498e+02,2.275904676085681047e+02,2.402341397973932544e+02,2.399639046211467530e+02,2.461300256309446013e+02,2.418836908431579786e+02,2.494929071385427903e+02,2.168375436204937330e+02,2.236832258980487040e+02,2.091816700635026223e+02,2.054140377494090046e+02,2.083369103210150399e+02,2.192884589284962829e+02,2.531009367578629394e+02,2.504488894090093538e+02,2.587087287630263290e+02,2.440770520901560019e+02,2.446535623060102012e+02,2.397036323309960437e+02,2.402429437751753767e+02,2.333372528735642391e+02,2.242350463279111068e+02,2.237953225973860469e+02,2.360455258529022444e+02,2.276991807776386736e+02,2.224513610769326419e+02,2.240228556200750916e+02,2.195464195108377794e+02,2.199887941952252106e+02,1.405843337304597469e+02,1.119329546953648986e+02,1.219584258313793725e+02,1.548375626632778221e+02,1.546666921627071360e+02,1.694222795549862610e+02,1.473237117769150188e+02,1.434625130065296901e+02,1.571938915643830512e+02,1.364138271800102871e+02,1.364966332108532470e+02,1.560269597243610065e+02,1.258842188454237743e+02,1.223370415526422903e+02,1.375686379000714226e+02,1.581667474953874262e+02,1.786571770400402386e+02,1.650063669046207053e+02,1.513161288956702322e+02,1.464752081343396526e+02,1.245618767167282925e+02,1.361587973742007307e+02,1.713247662579613007e+02,1.393889088448375730e+02,1.425163281736830641e+02,1.752925479231252268e+02,1.604782480441120356e+02,1.729883456223500389e+02,1.965346325929755267e+02,1.736495975314572604e+02,1.766366724010711096e+02,1.690001970467262424e+02,1.626304235915443144e+02,1.477622846456960417e+02,6.604060695346188936e+01,2.933707776731418448e+01,3.045292097014154820e+01,6.601226817447653161e+01,8.746230597034355014e+01,7.515958676947755635e+01,5.290339604971303089e+01,5.915234800623233014e+01,7.140864159778247711e+01,8.186867178842021531e+01,9.929642060815847060e+01,8.466449084942455272e+01,7.671781939739010170e+01,8.921736130669040676e+01,9.641801480750532960e+01,1.147418037539091245e+02,1.304487143580003590e+02,1.408983462915368818e+02,1.246355294279809414e+02,5.236303711749899747e+01,2.882263038360901675e+01,4.316038425336890327e+01,8.340781827566344475e+01,8.474940644833590397e+01,8.447464774051891823e+01,6.328827806100544251e+01,7.046155678271098566e+01,8.966210169639502681e+01,9.207094220390702333e+01,1.017325585674473416e+02,8.444980872700710961e+01,8.944943315571606490e+01,1.115942269270414613e+02,1.118935708999639473e+02,1.224616902066638460e+02,1.403212215532084883e+02,1.547741496444759548e+02,1.197158750937768303e+02,9.207337355589415040e+01,1.007124973658428360e+02,9.109896877045250108e+01,8.240242621274660451e+01,9.221814199736331830e+01,1.087714571458296007e+02,1.034208347242311277e+02,9.337524510215152418e+01,1.109066856440917945e+02,1.169671309764419362e+02,1.147013535980741210e+02
1.630247240548940511e+02,1.527520214784276789e+02,1.565816593006032633e+02,1.680175821671378742e+02,1.811651257578805314e+02,1.854781555236623376e+02,1.807049735294236257e+02,2.030843862829080990e+02,1.755413177884581728e+02,1.602419175677950705e+02,1.613951469409302888e+02,1.725211700650127966e+02,1.810934813798823768e+02,1.574683530753621312e+02,1.558054831746916875e+02,1.715108559222559848e+02,1.811177137736280258e+02,1.943796270154255694e+02,1.618311720126726243e+02,1.391882115538605262e+02,1.268685879464293862e+02,1.228019913069023232e+02,1.254313577125824395e+02,1.344095848876415005e+02,1.321191352862596489e+02,1.276870610252407090e+02,1.370225063637100789e+02,1.380682526361495093e+02,1.442378001874972711e+02,1.521758966592322793e+02,1.383020676205698010e+02,1.364658309357897110e+02,1.457023609003814215e+02,1.552867744283452680e+02,1.272242147826489145e+02,1.208510557905355967e+02,1.293930082474767289e+02,1.275354546157521156e+02,1.214408717038424612e+02,1.206678453012693950e+02,1.143098079676336738e+02,1.002617938514419365e+02,1.019080018395418108e+02,1.200789196228592743e+02,1.408143058438252524e+02,1.298000113165873017e+02,1.220573724357338961e+02,1.221902957209991882e+02,1.161257296147978053e+02,1.162546239546758358e+02,1.111440001806463442e+02,1.076116939875481222e+02,1.107696100010538203e+02,1.137847484907509852e+02,1.167728843808250900e+02,1.233913844472887860e+02,1.247605983253274218e+02,1.251426654978432680e+02,1.280900839289909356e+02,9.141457010937352834e+01,9.804077963672635576e+01,1.009534872704843025e+02,1.165929685158072431e+02,1.270233386425820896e+02,1.223914278743067712e+02,1.212849522261104198e+02,1.337451794488869155e+02,1.376778619788132687e+02,1.271616690784979653e+02,1.295228991370443907e+02,1.397923610836131445e+02,1.379193859159959459e+02,1.546139616182985606e+02,1.522414835190520819e+02,1.344407857950905623e+02,1.222866873925871971e+02,1.299422289648728395e+02,1.653629459835019020e+02,1.818444442316903462e+02,1.702958051847167269e+02,1.585392689045796715e+02,1.623224560425917105e+02,1.849845714040311577e+02,1.991953051149722569e+02,1.796917985140112251e+02,1.832184718628322457e+02,1.864982308820190440e+02,1.822005030084155806e+02,2.108975559882993025e+02,1.977848264554268383e+02,1.853501863180059956e+02,1.797613552461257882e+02,2.044460067392705014e+02,2.099418909167880827e+02,2.025874502745386394e+02,2.018802404222645919e+02,2.085972318360092288e+02,2.010315405502709041e+02,2.014571125661775568e+02,1.734620354356585779e+02,1.803166065059349705e+02,1.952331922917214513e+02,1.689652894569211412e+02,1.716975887400249405e+02,1.777008922756274956e+02,1.925793256972028189e+02,2.265315734048053002e+02,2.196037550301131489e+02,1.994181396022028139e+02,2.084082303443357205e+02,2.164960647397075491e+02,2.101699732864699399e+02,2.150374872726399076e+02,2.257479498852936217e+02,2.081974346157708453e+02,1.936210847469658063e+02,1.979638153979054493e+02,2.142948796019706776e+02,2.210699253902992325e+02,2.148037164722748003e+02,2.189150196364153089e+02,2.129679182833817777e+02,2.191543517591310319e+02,2.273923286078626518e+02,2.147109208928681028e+02,2.040867191769211502e+02,2.029468941205256556e+02,2.000622678120458033e+02,2.024604814547371916e+02,2.019666706943789336e+02,2.096291115368877627e+02,2.135875973983085032e+02,2.017598410360706396e+02,1.642911182956579523e+02,1.375101248076320246e+02,1.341185818474618827e+02,1.476556126508313014e+02,1.621047593974173822e+02,1.749423641291686238e+02,1.582542055564949521e+02,1.711212896150676102e+02,1.676450211301132640e+02,1.435586809544948323e+02,1.369970682808432798e+02,1.484254812955899467e+02,1.304219841174700889e+02,1.243419581608914370e+02,1.357104052437766200e+02,1.518321118815154591e+02,1.611702575380524252e+02,1.577903171919443253e+02,1.549101643777784147e+02,1.543270338697962245e+02,1.454246736244449210e+02,1.643901784874005045e+02,1.874544321943709804e+02,1.724329911258924994e+02,1.774449767800354323e+02,1.882757445197689776e+02,1.979594618086764797e+02,2.039913644719860315e+02,1.990318735393499310e+02,1.935640021237588257e+02,1.897493781642138515e+02,1.864234177059687454e+02,1.847787082733309205e+02,1.625327681163772695e+02,8.598138186390107762e+01,6.798702218513038531e+01,8.077050413753215707e+01,1.061038240655715299e+02,1.072367905708998279e+02,6.440902352329887037e+01,5.246496876948207699e+01,5.666744731092227738e+01,8.017765166491805928e+01,1.233672014874104406e+02,1.372909799867956622e+02,1.189086556066632880e+02,1.124601341677486062e+02,1.009773469517635789e+02,9.289037873687476576e+01,1.007110329277407601e+02,9.635314175491284061e+01,8.850884828944816718e+01,9.666434506543663474e+01,7.287135183468215871e+01,6.120689563495980678e+01,7.782553219656726640e+01,9.989392639946422037e+01,9.906391311986199355e+01,9.014206805010651635e+01,7.713828372835001801e+01,8.439107020761109368e+01,1.140471724137943852e+02,1.351925261127078386e+02,1.243626737044215247e+02,1.220580088110588690e+02,1.266727279432771525e+02,1.274117826380538645e+02,1.175754752863853838e+02,1.263239118861726240e+02,1.504635539142802827e+02,1.524130447245408959e+02,1.303180912238114502e+02,1.165678302347246387e+02,1.175688026906403678e+02,1.137571029041509121e+02,1.154984668887749564e+02,1.226812316346122884e+02,1.317991003909724554e+02,1.615368201419410070e+02,1.347122304685926224e+02,1.341113799553694150e+02,1.385461368254643446e+02,1.491780311631532072e+02
1.842603388645016764e+02,1.911016994690445756e+02,2.101011816501384146e+02,2.085583185175545964e+02,2.083328696688907371e+02,2.003467478222265186e+02,2.204857461994227208e+02,2.318072465704270826e+02,2.203612361762191654e+02,2.041063283104023469e+02,2.264908631367956389e+02,2.259341652384863437e+02,2.082701187834565246e+02,1.808141283429402506e+02,1.803595147568500749e+02,2.037116963565383969e+02,1.890635593276132340e+02,2.061981575773414193e+02,1.698835005914123997e+02,1.439899567445227149e+02,1.527820450482132344e+02,1.248618645465309100e+02,1.064906916550735048e+02,1.093348681797694439e+02,1.131260666069837413e+02,1.036225043056705886e+02,1.101091116077753327e+02,1.024376370141537649e+02,8.310721403139152130e+01,8.737641151883926227e+01,1.117654635455983509e+02,1.197923217262760573e+02,1.123451615081806096e+02,1.191376424844569470e+02,1.022508397535743541e+02,7.901383280677336529e+01,8.890579978067896150e+01,1.240546091145262864e+02,1.134769759015568553e+02,8.543344805997875824e+01,9.520007449195541938e+01,1.203407584988284498e+02,1.116965594819527041e+02,1.217670057011908114e+02,1.207428817425829095e+02,1.011164959278151514e+02,9.928491846497219342e+01,1.274702825453060200e+02,1.242432604596396430e+02,1.149749279639838733e+02,1.272961191183372307e+02,1.273599230164529388e+02,1.260178776850029436e+02,1.302543687563882031e+02,1.380499455909030360e+02,1.464783191118460195e+02,1.427840704256408344e+02,1.399960922017226892e+02,1.292009459331904395e+02,8.177087178458586436e+01,7.853576995682564643e+01,8.729263014672287113e+01,1.028312574876782008e+02,1.201104041143210850e+02,1.018893821506589177e+02,8.598528044124581982e+01,8.779927998749963081e+01,1.035436663873998953e+02,1.201822712669694937e+02,9.567113093644495336e+01,9.221895191022139215e+01,9.360701391530935211e+01,9.693821997789130762e+01,9.024666115437663905e+01,8.463820919298663625e+01,7.750274902208316519e+01,7.973225757713358064e+01,1.057463564078659743e+02,1.325958918596109299e+02,1.014938751634871039e+02,8.773298490959925289e+01,9.409865623260093059e+01,1.153258962671157803e+02,1.306396570265655726e+02,1.244396441606393751e+02,1.257245935048912031e+02,1.262366275579713317e+02,1.428998446291465427e+02,1.392939700185015965e+02,1.301612079285591506e+02,1.140008175694252941e+02,1.164024931919252168e+02,1.460196809212706341e+02,1.522277651358744492e+02,1.426260635067977773e+02,1.419948898348754938e+02,1.462558515234109962e+02,1.603399431954143779e+02,1.696272104637222640e+02,1.534008804377592980e+02,1.394565146069073194e+02,1.265613996500911611e+02,1.289611653999201621e+02,1.646328476917439616e+02,1.851111133281448247e+02,1.756822654172424905e+02,1.840326032668313019e+02,1.929639627422186265e+02,1.738493564170705952e+02,1.403162426416733410e+02,1.166958727465332828e+02,1.107154743486739932e+02,1.176081304931185798e+02,1.354421506892706759e+02,1.518202164108364514e+02,1.348360101709187688e+02,1.291294568287436846e+02,1.498780467676864134e+02,1.479433528546503851e+02,1.302025298147427463e+02,1.221331860707943946e+02,1.284434966575795443e+02,1.341597396169948979e+02,1.216992428081423867e+02,1.225481719350729719e+02,1.273127538289789271e+02,1.520293989712106395e+02,1.764067963544733004e+02,1.409153968727552808e+02,1.289607492002314757e+02,1.391840977845704117e+02,1.544394349106226230e+02,1.309355942936832662e+02,1.235976260141191432e+02,1.263224160198025885e+02,1.422625625603049002e+02,1.387788555293579975e+02,1.337002310267177165e+02,1.497882887007943680e+02,1.464265629060546985e+02,1.407312463505111850e+02,1.485977547616382708e+02,1.576583120471715631e+02,1.641855514032957899e+02,1.660391143234205629e+02,1.657421716243675007e+02,1.846897856551999837e+02,1.945603717512944399e+02,1.785539349621695635e+02,1.752363948494995611e+02,2.115821698162967834e+02,1.974948965220685579e+02,1.697998858380604474e+02,1.826722106937010608e+02,2.119271279112658419e+02,1.967932113593196277e+02,1.974718097047008598e+02,1.792054576722276238e+02,1.792137733782122950e+02,1.875268531162107877e+02,1.920242285131069764e+02,1.811215971836101630e+02,1.861191625940666086e+02,1.839702561077180860e+02,1.892198317055155030e+02,1.962558116107043702e+02,1.773256933523115322e+02,1.350404245106864209e+02,1.131069166337414487e+02,1.185088272464844152e+02,1.258588414280154666e+02,7.258317927172285522e+01,1.772050121895480856e+01,0.000000000000000000e+00,1.353140945161735864e+01,5.631959659180999012e+01,5.541439223680482939e+01,5.714967324688444705e+01,7.225963050201090709e+01,1.140146919332455298e+02,7.872977127010817355e+01,4.995302045200848795e+01,2.717205220031957680e+01,1.257085653348847032e+01,1.694867942843634978e+01,4.890236318518035574e+01,6.532398265217959477e+01,6.485849908404388486e+01,6.669565637571780314e+01,8.533310757207944164e+01,6.457139346775164768e+01,5.918204228985727866e+01,6.968204204106648092e+01,9.478574828905736638e+01,8.005573938785244081e+01,7.764375308113056917e+01,9.035469317098946362e+01,1.192318580789752360e+02,1.531336922754971681e+02,1.116883239289097958e+02,9.885487512778853159e+01,1.137744519396957514e+02,1.076773407971222127e+02,9.686958859979600334e+01,1.016456593302966240e+02,1.062262509852437375e+02,1.136142637781275937e+02,1.195781316890776509e+02,1.312904965769312753e+02,1.323407527507635564e+02,1.352636808331738791e+02,1.508086428046562730e+02,1.456692257602693985e+02,1.468627572659031557e+02,1.588956280172304787e+02,1.572716029287028903e+02
1.426744251188734722e+02,1.623051365853757204e+02,1.934883224301121061e+02,1.874304507983903250e+02,1.796443972362208399e+02,1.894465313472419439e+02,1.922948140696428538e+02,1.904501291564790506e+02,1.805141982076697502e+02,1.767630174783249117e+02,2.102494661652908690e+02,2.137422646554979053e+02,1.828249103878724782e+02,1.649660167480292046e+02,1.678720781333445302e+02,1.907430237844339445e+02,1.949528316871380866e+02,2.232052606872736646e+02,1.835139628383496699e+02,1.413011397115946011e+02,1.323065574693087569e+02,1.120706878240994939e+02,1.084713875268802781e+02,1.234268800371208954e+02,1.181119973388372273e+02,9.954218935460671958e+01,1.125429359972580272e+02,1.082400347488507464e+02,9.192257342548458610e+01,1.044230356628340672e+02,1.190973439241778777e+02,1.342405136196083220e+02,1.187045665391835314e+02,1.043352786731195749e+02,8.727129333081936124e+01,8.000496781673967917e+01,9.717300618662167722e+01,1.193999678588939588e+02,1.047092657979032140e+02,8.957917504021781951e+01,1.023347034716756951e+02,1.216272155367657462e+02,1.200306150790550390e+02,1.374123709460957627e+02,1.673108917177588637e+02,1.282051436544878413e+02,1.147946506954396284e+02,1.219854168861023140e+02,1.201732204239090152e+02,1.182488485563651039e+02,1.247660842338317764e+02,1.368232143049176841e+02,1.427558532118572714e+02,1.514980976454344272e+02,1.365931451448846019e+02,1.398317255791513105e+02,1.554636971233688882e+02,1.639956862065373002e+02,1.337050666480541850e+02,1.018471423640800992e+02,1.042694040819362868e+02,8.556317475345667845e+01,8.665130914511594540e+01,1.088665546932063819e+02,1.151037821407965680e+02,1.110806516262416324e+02,1.233400090171900843e+02,1.322327594665445645e+02,1.130900613212910457e+02,9.355363568601217139e+01,8.304264054568201914e+01,8.593235931919991799e+01,1.013290545417509918e+02,1.182468022731573427e+02,1.162122298236349138e+02,1.146951432695130961e+02,9.966989602575412732e+01,1.076637254697619284e+02,1.328566121194738230e+02,1.163177292419218389e+02,9.962145393048315611e+01,1.031864098679080826e+02,1.181636212071176573e+02,1.247938947017070177e+02,1.246763123609772492e+02,1.309749146061576823e+02,1.312576064444816382e+02,1.355453015405709891e+02,1.385893465620850407e+02,1.314659472513065737e+02,1.212905381064224599e+02,1.287732578337474365e+02,1.627546931720939085e+02,1.708080657013898076e+02,1.650510166633315521e+02,1.642466101353526255e+02,1.642013327496966042e+02,1.939040491389575607e+02,1.984884370870711905e+02,1.983203217128107383e+02,1.665806131463564270e+02,1.452498067140032560e+02,1.514369182231050104e+02,1.789235457145312864e+02,2.185151485361714663e+02,1.911496853130335865e+02,1.676838722549784109e+02,1.745035069115650685e+02,1.692497467860119116e+02,1.498437108868694168e+02,1.165894927736375450e+02,1.099585081706288605e+02,1.175044502791105288e+02,1.364376590616894589e+02,1.514623136440184794e+02,1.160312302044295905e+02,1.142763199395197091e+02,1.390478019008959052e+02,1.314880751239850554e+02,1.190765307398910693e+02,1.091483688065229956e+02,1.084843839827245660e+02,1.108248815244870258e+02,1.131556165737574844e+02,1.065027630615250018e+02,1.151682804487482201e+02,1.596270159619172944e+02,1.680129466577730284e+02,1.420930319919226292e+02,1.381920821770467001e+02,1.266806517413362485e+02,1.321591631619656653e+02,1.357662938422988361e+02,1.407549084391294230e+02,1.414842502185169053e+02,1.530570015013706495e+02,1.337954911319747566e+02,1.304451474423124182e+02,1.445036455487766318e+02,1.734195667212553928e+02,1.648575064313359917e+02,1.616375306097702946e+02,1.421855857912614454e+02,1.631024877426175124e+02,1.802972796680870999e+02,1.720315553915526436e+02,1.812709181446282685e+02,1.850874275897546113e+02,1.566977972328794237e+02,1.398823250361191128e+02,1.523969131384590128e+02,1.675210638698824539e+02,1.596012458744882565e+02,1.733924486372322065e+02,2.013711468019153017e+02,1.908107343821477286e+02,1.844020142792268189e+02,1.627855335527067950e+02,1.522388622100143323e+02,1.754880603266320520e+02,1.884328828056061980e+02,1.847874662755174882e+02,2.029289308516719075e+02,1.868044592899810254e+02,1.804881433288533685e+02,2.015652189570099608e+02,1.835758812123677330e+02,1.622821418147210863e+02,1.344939444854109354e+02,1.261420948148149535e+02,1.293895610479862057e+02,7.852254603563176261e+01,3.545385894875333577e+01,1.839712458375037585e+01,2.671353551256254732e+01,5.725140857161446206e+01,6.307862401292347698e+01,6.622903136069112406e+01,8.070153395124830809e+01,1.203928280893757261e+02,1.137492209662740663e+02,8.420436963442129752e+01,4.360688939714107448e+01,2.474748992001747894e+01,2.652209683450966082e+01,4.713399957532205775e+01,6.481329487331947803e+01,7.677009555660849571e+01,7.928234537659842829e+01,8.356112296951587837e+01,7.752742921585297609e+01,6.866642515411909642e+01,7.080956691575946138e+01,8.590086926670011280e+01,8.631667963579320713e+01,9.301079702802603322e+01,1.156410343752995971e+02,1.398543944519189779e+02,1.541949739044905243e+02,1.230046014423444234e+02,1.085476636006777653e+02,1.077084710445850533e+02,1.036224753925835529e+02,9.912711141924478397e+01,1.042675055885082998e+02,1.135398258188165528e+02,1.293125659297139975e+02,1.372308306010282024e+02,1.497309836478015654e+02,1.665934234778488872e+02,1.843850627400502162e+02,1.542208148862634971e+02,1.439744206155382074e+02,1.652135559870313273e+02,1.806279197695729977e+02,1.843812986810030452e+02
1.462232349890108196e+02,1.675982680545371011e+02,1.869881961685592842e+02,2.108974836569872764e+02,1.720064389837779402e+02,1.512075695264848889e+02,1.339471835458882367e+02,1.317044758325163798e+02,1.528862260661771870e+02,1.472342151963856338e+02,1.594838091373381133e+02,1.658398039725375952e+02,1.527106171435457327e+02,1.418423732283275172e+02,1.387669245053726286e+02,1.369750283597408043e+02,1.524494848330778893e+02,1.739261827899953232e+02,1.669504302977308612e+02,1.559536633900493712e+02,1.513229387164619766e+02,1.391324684250080281e+02,1.367602630961969510e+02,1.335454990565624485e+02,1.534019332896331491e+02,1.482669041465651958e+02,1.608434439345423641e+02,1.645138406757266694e+02,1.675846204489981233e+02,1.705638498757601269e+02,1.673440691017545419e+02,1.715621495183117986e+02,1.663127284001334090e+02,1.631395199706804249e+02,1.477317115147096729e+02,1.535641912549866106e+02,1.702995684176649718e+02,1.805698528690050466e+02,1.745408777042292741e+02,1.632160998687038500e+02,1.565195598983594607e+02,1.677658230564416613e+02,1.800923620722952592e+02,1.823047284742117142e+02,2.257395313687775911e+02,2.160517708462618032e+02,1.916533312024455995e+02,1.777749172940346796e+02,1.866408012610653770e+02,1.836985117691681353e+02,1.772605651560165256e+02,1.796453368687508032e+02,1.875170674949321210e+02,2.081144096263917902e+02,2.028622820045477511e+02,2.071470164170647763e+02,2.232256409743103518e+02,2.322458888866224811e+02,1.713529915308535863e+02,1.613544590497839977e+02,1.580726211886735655e+02,1.374003740063424175e+02,1.406239360291141907e+02,1.644667310046870341e+02,1.995233687004187004e+02,2.181381069306475524e+02,2.055375901148097455e+02,1.809993189627678589e+02,1.854390776543818902e+02,1.781021365247153199e+02,1.599804116291784908e+02,1.650604361628564618e+02,1.804662306595557197e+02,2.023227023297260985e+02,2.257277608660131136e+02,1.999710554773645867e+02,1.831427751029707167e+02,1.802405746296508937e+02,1.883762106170941308e+02,2.061870760945396341e+02,2.110851965448040062e+02,2.310986717839106745e+02,2.405328159207753060e+02,2.197484688928729497e+02,2.098245124513125290e+02,2.467600313201804454e+02,2.276704029839528971e+02,2.035186922416818902e+02,2.220793962227533598e+02,2.462520855026175468e+02,2.137480485469001508e+02,2.163254837186481723e+02,2.167698944116250459e+02,2.296168684453659239e+02,2.505209278883059199e+02,2.505893049885540336e+02,2.430857760722297485e+02,2.223186908829146375e+02,1.630224923050622863e+02,1.435010992772540419e+02,1.445391561949335255e+02,1.452429359939699225e+02,1.400852971250459973e+02,1.310281465924228428e+02,1.348512893796792866e+02,1.481177766569625192e+02,1.539474375593111688e+02,1.791623898187594648e+02,1.716794763245809179e+02,1.686289351704189983e+02,1.569715771987114863e+02,1.569328872872844727e+02,1.645094853409737539e+02,1.470955949136489380e+02,1.394012135125269651e+02,1.397361087533286081e+02,1.634280349362386175e+02,1.651509692999321715e+02,1.588728609508036982e+02,1.817887017586263880e+02,1.669900496582886547e+02,1.521053746303795720e+02,1.547330668664478708e+02,1.642665392766518551e+02,1.500783006205770675e+02,1.516869300133294587e+02,1.852827004160649551e+02,1.741405331428526040e+02,1.784271863928993582e+02,1.614513592286092205e+02,1.444235701419241025e+02,1.515383825474316097e+02,1.589777595446531677e+02,1.583830329487727226e+02,1.503492503396674067e+02,1.564684643229734320e+02,1.506928006502794801e+02,1.503558101364546644e+02,1.712435711982593318e+02,1.819193645918438165e+02,1.739999988634490649e+02,1.560790864606981643e+02,1.229105519990421556e+02,1.274052206898192594e+02,1.508894001718983588e+02,1.532395853237369749e+02,1.482950904975635069e+02,1.460993022559677854e+02,1.599114527842945108e+02,1.486054738426998370e+02,1.578849449833626011e+02,1.704538506049897535e+02,1.854727121690069396e+02,1.634255112187680368e+02,1.768163059981221181e+02,1.713581137673431272e+02,1.650946368781218609e+02,1.596255042471019578e+02,1.422682382465858950e+02,1.481573188026404750e+02,1.579961171193149880e+02,1.719097560345011857e+02,1.510429031294379740e+02,1.442796956613234158e+02,1.606321249101423234e+02,1.657662210264375062e+02,1.707917819287198142e+02,1.740979915962383870e+02,1.856847068912165639e+02,1.937977983291283977e+02,1.654055324200084556e+02,1.467287716839460359e+02,1.318480933643955950e+02,1.197143939941314983e+02,1.151789512815929584e+02,1.355813810400103421e+02,1.639806128574378761e+02,1.817386871311087191e+02,1.559419906063033068e+02,1.371837348384858331e+02,1.097551655937298989e+02,1.169342372567749067e+02,1.281293595823422891e+02,1.308915682537680425e+02,1.283369019241005162e+02,1.281649352663120851e+02,1.349306686545383798e+02,1.595447914145484560e+02,1.615045527638803549e+02,1.641628589324759844e+02,1.764226047382813363e+02,1.737035497104992032e+02,1.599388903529404615e+02,1.620542217855277443e+02,1.773984090401566220e+02,1.821786153477383436e+02,1.937222913921211216e+02,2.073003425200963932e+02,1.973659603854684121e+02,1.786270881758647420e+02,1.827220694426076477e+02,1.742004056681197142e+02,1.823269789528203546e+02,1.938067619484980071e+02,1.896578473119382409e+02,1.768731795902074282e+02,1.865232378016906409e+02,1.955727037862368434e+02,1.972512232752892487e+02,2.127126675262153697e+02,2.232019073387110666e+02,1.926964426367986789e+02,1.974189070269891033e+02,2.216937553041638580e+02,2.287879335091802488e+02,2.078286700625771175e+02
1.558357388280177531e+02,1.735519199859899118e+02,1.779742458902909732e+02,1.967063409151253381e+02,1.673645038093677613e+02,1.431203033662262385e+02,1.405013822316769279e+02,1.518289048406848565e+02,1.638470536065308920e+02,1.422631790398516785e+02,1.443822167440613384e+02,1.600269416990468301e+02,1.595621950280556973e+02,1.682798340644178268e+02,1.610305011992308550e+02,1.460233918292068438e+02,1.561725729463456958e+02,1.532253508601060048e+02,1.460648497508366290e+02,1.520314916872721369e+02,1.860072801576098414e+02,1.670793249510558667e+02,1.499456789928725584e+02,1.583561949018550763e+02,1.755569662787530660e+02,1.714785531925987812e+02,1.736502976537007044e+02,1.802369656794415675e+02,1.787216058155413236e+02,1.807895965061201764e+02,1.982855568069008712e+02,2.001291235846339305e+02,1.772720355190955956e+02,1.718374446213661315e+02,1.946603438886081108e+02,2.039910533309997049e+02,1.887065645527443394e+02,1.954358479938584310e+02,2.013085292244828679e+02,2.086922794022133303e+02,1.961253638472488774e+02,2.056923344499229245e+02,1.912018831260421337e+02,2.107191252591344153e+02,2.255809153928393016e+02,2.101131940616148199e+02,2.155167154969048795e+02,2.154618270421960347e+02,2.203042380053871057e+02,2.239129380459427807e+02,2.059354340447190168e+02,2.062111503324130979e+02,2.237505801290660941e+02,2.063868375926234648e+02,2.260825008500200965e+02,2.483917981399007715e+02,2.439714614471007508e+02,2.267614099992514411e+02,2.085509809079657089e+02,2.112835921623972126e+02,2.283596057518421958e+02,2.204481194769984995e+02,2.203658344623575829e+02,2.075631232008335871e+02,1.987263591784165442e+02,1.987591082973001448e+02,2.093713210336284192e+02,1.938857001428560807e+02,2.003554239059787676e+02,2.461813006740627827e+02,2.284617385705223853e+02,2.236790063099882389e+02,2.260383778980448142e+02,2.249307254597619021e+02,2.253156882781077570e+02,2.227438027698563587e+02,2.189193299224549492e+02,2.154451745322297711e+02,2.176174190483266102e+02,2.374518092257493151e+02,2.387890373669477526e+02,2.259217057386551062e+02,2.249988963362059167e+02,2.396483527387799199e+02,2.369164366627711331e+02,2.526819806122769876e+02,2.507113500321873687e+02,2.350686142841572064e+02,2.361382705956098107e+02,2.288780583265311748e+02,2.329320968796926081e+02,2.494585953583727758e+02,2.514823685857548980e+02,2.508434585113660660e+02,2.537807502423985966e+02,2.410575750546954339e+02,2.440650388659627765e+02,2.371633244873807200e+02,1.710405173656849911e+02,1.409317417022896848e+02,1.347069867207490859e+02,1.342902964520052365e+02,1.303231449449921513e+02,1.276481568763357046e+02,1.324821274026180049e+02,1.465854392273958524e+02,1.591571048613240578e+02,1.683758030999372863e+02,1.533669170755617586e+02,1.491317757359984455e+02,1.538606490074843123e+02,1.661729534936559673e+02,1.632263434799739059e+02,1.501653521436370227e+02,1.504281950262054011e+02,1.617823060793052150e+02,1.889601651242167009e+02,1.772268616129779844e+02,1.716938996753738422e+02,1.819696197896485046e+02,1.849001101068092225e+02,1.826374033358104327e+02,1.935194859070156781e+02,1.749335438784680719e+02,1.703924256820951939e+02,1.893923307378092318e+02,2.113393944963931688e+02,1.991112333776565890e+02,2.018100547141617938e+02,2.091259283091319219e+02,1.892682327058179226e+02,1.783598566461377573e+02,1.693772160212434130e+02,1.531904675088172212e+02,1.518640772851009046e+02,1.611097002471327642e+02,1.604991351519120144e+02,1.696531367813486781e+02,1.844017973546104088e+02,1.943877782152640066e+02,2.029247546570283021e+02,1.849739346080677365e+02,1.514887721078349898e+02,1.337824561569430273e+02,1.489786867962841939e+02,1.503191067417249940e+02,1.663928330260028474e+02,1.689300456243064161e+02,1.970218242851089769e+02,1.972820858761971010e+02,1.866505901218181975e+02,1.766025218910448871e+02,1.721214010316344343e+02,1.567204907526473221e+02,1.586098037677996615e+02,1.776832201672568203e+02,1.820227528535255601e+02,1.889549068721957497e+02,1.667341430108631357e+02,1.652639734410632855e+02,1.645322739069848978e+02,1.774272768588257918e+02,1.687333284858519846e+02,1.485872376221772981e+02,1.524735394627482492e+02,1.715809056623937465e+02,2.001646206689602820e+02,1.751278599022203366e+02,1.773635733841669264e+02,1.808898511596127889e+02,1.640774844203037048e+02,1.622884125048223325e+02,1.511574459263423194e+02,1.476208607144748441e+02,1.578272210844695280e+02,1.730987667662209049e+02,1.392072185717774460e+02,1.278435254604383999e+02,1.426748368171600987e+02,1.226227905184551332e+02,9.451714407634828774e+01,1.045396714098587552e+02,1.210741118446245395e+02,1.243101576704263920e+02,1.319326735009802576e+02,1.471164900587827162e+02,1.564277501504216161e+02,1.691724974844477174e+02,1.623355912281020608e+02,1.504061751172275763e+02,1.586570562834932616e+02,1.702476755832069841e+02,1.698809919466845031e+02,1.504596217412724855e+02,1.343856505300062167e+02,1.298177405741622863e+02,1.366602728502681430e+02,1.525413407141242885e+02,1.400949896945633952e+02,1.478570639058982863e+02,1.737282657196367381e+02,1.864429249213530966e+02,1.921978423921224817e+02,1.870504945323978632e+02,1.753805645531073480e+02,1.593482391878059730e+02,1.646303848720756093e+02,1.935196550622479776e+02,1.944211704415282327e+02,1.764842712952473676e+02,2.015311686915844120e+02,2.071022456544683337e+02,2.057686747327870194e+02,2.116372651411477932e+02,2.096643159440749287e+02,1.922382402677930031e+02
1.456058017962454869e+02,1.606814319478689015e+02,1.620378480852745611e+02,1.557505737478935544e+02,1.704009416286320686e+02,1.843404056357596801e+02,1.873431067706468980e+02,1.873096015471448936e+02,1.971551360855100086e+02,1.910646554767128578e+02,1.681762584318540803e+02,1.408545665781848584e+02,1.395212192117311645e+02,1.715320945505941381e+02,1.840697721562231095e+02,1.762503733346304386e+02,1.728833326507647996e+02,1.551547839449485764e+02,1.507612356632715205e+02,1.636456961010080136e+02,1.502242365241410482e+02,1.417461614435009949e+02,1.418839077058876228e+02,1.390885650353694416e+02,1.351275703688035605e+02,1.460529585401364727e+02,1.641273764667295438e+02,1.327620689441337731e+02,1.277186022951641604e+02,1.581454282762436208e+02,1.664007504919297276e+02,1.779882825844876493e+02,1.676036124427876928e+02,1.508426125600059038e+02,1.351701856534863850e+02,1.372214280540996469e+02,1.459377469993182501e+02,1.450207995122102034e+02,1.536179541446852568e+02,1.729242607800946701e+02,1.577127330746133111e+02,1.639166207711913898e+02,1.589718447968115811e+02,1.741460800158384927e+02,1.579448256458843218e+02,1.380027310059867887e+02,1.605064887734042429e+02,1.680052265079224867e+02,1.836035959519986704e+02,2.005975557706629218e+02,1.832620927396827142e+02,1.611010937837442043e+02,1.741060849283690288e+02,1.624379598986781730e+02,1.395506188939874335e+02,1.386801473860111855e+02,1.571007493121184098e+02,1.776172700153462642e+02,1.958052495019211960e+02,1.892613556187676238e+02,1.823592666707096441e+02,1.712465168836153850e+02,1.635465121649093874e+02,1.643574357883948949e+02,1.635610434172485554e+02,1.595168562608433831e+02,1.510303645982902196e+02,1.513685905311811268e+02,1.731652562211822044e+02,2.013544187659354350e+02,1.769526221508194226e+02,1.623255901783775244e+02,1.545908359989928158e+02,1.754671650960317493e+02,1.927851506756286142e+02,1.761948232592141039e+02,1.859093355543289761e+02,1.771234552297171376e+02,1.821640439353556076e+02,1.690946004795951296e+02,1.668945676601338164e+02,1.770089128914282242e+02,1.970171450821766825e+02,1.984735243069445971e+02,2.002855899966808124e+02,2.157034556200719635e+02,1.926297812183902920e+02,1.681693931809924436e+02,1.705103312475562518e+02,1.723594446580614488e+02,2.019667034274540640e+02,2.584956602304002899e+02,2.168193427466298715e+02,1.982728089958640680e+02,2.156123439605813132e+02,2.042134030023858884e+02,1.909122497376043270e+02,2.158025588961027950e+02,2.067409857951834624e+02,1.814638322187372808e+02,1.814320157087171879e+02,1.817352719663102221e+02,1.840704861527551941e+02,1.979896443120944127e+02,1.873484296469748642e+02,1.920944575089060606e+02,2.188608593689913278e+02,2.203173836665876024e+02,1.993471064128702892e+02,1.885191411101870926e+02,1.951177277626185855e+02,2.149277180040057544e+02,2.479467209679962139e+02,2.288865849000902699e+02,2.219452723849880726e+02,2.177829656290121534e+02,2.241800873323522296e+02,2.256636745036504408e+02,2.486437271596615233e+02,2.438935672669896348e+02,2.394115545844997541e+02,2.448515594373283761e+02,2.260356899755661857e+02,2.148950133729311744e+02,2.161138465046223871e+02,2.328468344172344473e+02,2.278744796915878794e+02,2.444415561892191135e+02,2.556200032401618500e+02,2.419441725440225071e+02,2.299522207173970116e+02,2.263722669966074363e+02,2.168872220925267698e+02,2.074152941182296104e+02,2.083895235753645068e+02,2.212926784228477572e+02,2.256939515239474190e+02,2.062153576531130170e+02,1.853783131012340277e+02,1.917624829741164660e+02,2.062059750380408616e+02,1.972657853210663461e+02,1.950716858598642602e+02,1.730615940550125345e+02,1.798707428280900444e+02,1.924102887176694594e+02,2.057453171883310290e+02,2.117159655163468983e+02,2.195180339730285937e+02,2.286011353710479739e+02,2.224347393410659208e+02,1.974393012698430425e+02,1.751190616603354044e+02,1.417648730359904050e+02,1.327674154341432313e+02,1.544385603127985860e+02,1.940344451666672398e+02,2.072112321452005403e+02,1.939848620529606364e+02,1.845365075016978551e+02,1.921949589861053482e+02,1.904747562129995799e+02,1.823435957278843773e+02,1.843817111950686751e+02,1.830529373395282278e+02,1.938068985101123189e+02,2.216495965890351556e+02,2.215933404037787398e+02,2.070566700466307566e+02,2.097886822122085562e+02,1.983951861645965096e+02,2.012952906595013189e+02,1.982118743669506671e+02,1.883965615229657828e+02,1.779416578243622666e+02,1.573229820800088987e+02,6.883911024303165505e+01,3.219856301569171819e+01,2.266153995774288532e+01,2.886656319808817628e+01,5.659714733783305718e+01,9.172305701412498991e+01,5.967474031962591141e+01,4.414513094226995094e+01,5.033646017698104203e+01,7.134521178343923964e+01,8.510159502377479157e+01,9.694896760680182979e+01,1.002392504302501948e+02,1.068991876130027947e+02,9.005886219292764849e+01,9.025818133523351605e+01,1.077178781157982144e+02,1.157034686155260488e+02,1.105189484964067361e+02,1.048971989503249347e+02,1.026727514138023736e+02,1.124560991000360559e+02,1.071254420800616458e+02,1.108622439851217081e+02,1.251911167640795526e+02,1.301979824637310799e+02,1.337624339457431120e+02,1.483567606296808492e+02,1.357614213428213930e+02,1.192616849288381502e+02,1.314516113851148589e+02,1.479420178109540416e+02,1.292366331264966561e+02,1.320489043972560239e+02,1.579000049120674873e+02,1.506047278591535701e+02,1.559321731524314885e+02,1.681120883705283688e+02,1.359319706971400876e+02,1.248548760015604131e+02
1.541315662936633260e+02,1.565678869025717290e+02,1.416417334079145292e+02,1.379976690144147824e+02,1.492481373689348345e+02,1.605293236218045081e+02,1.615479201249375762e+02,1.605983388612703209e+02,1.770508655581697894e+02,1.665560757301219326e+02,1.721456468736662373e+02,1.538957740491024992e+02,1.391536275512926011e+02,1.635878359929079124e+02,1.773909488564840728e+02,1.685969531784955393e+02,1.851651667528364840e+02,1.735877629667528481e+02,1.578380122269865922e+02,1.627733924677862660e+02,1.452246593721628471e+02,1.364909237359508438e+02,1.345701397010726055e+02,1.264052084561214002e+02,1.196410764322985472e+02,1.336448037038396706e+02,1.606924077505175035e+02,1.281873511205985210e+02,1.264201310988727727e+02,1.621690325624199716e+02,1.591361690161660931e+02,1.458358706090315309e+02,1.373914663437163597e+02,1.308156244004294138e+02,1.206680782087272803e+02,1.220585942299716606e+02,1.352849602490152563e+02,1.518934861654346946e+02,1.446131484427565113e+02,1.637426665952180542e+02,1.506245645273885998e+02,1.429655547168498515e+02,1.385989106541088347e+02,1.496404381092058031e+02,1.287960736159160717e+02,1.128402997647575461e+02,1.284063083934270253e+02,1.450294093951411014e+02,1.629967152183102144e+02,1.757289869837815104e+02,1.711578859171884233e+02,1.369149778495005876e+02,1.313686234039529097e+02,1.388431116593762908e+02,1.285007306743419804e+02,1.253371549879301199e+02,1.434168849171921067e+02,1.853843292940111382e+02,1.974143604759198638e+02,1.724423750870315928e+02,1.518496429919376283e+02,1.462573492722244168e+02,1.470489748215927079e+02,1.455759798335592166e+02,1.557641279277324315e+02,1.659940369889086185e+02,1.600707280501596017e+02,1.674237416421001114e+02,1.602809683245860128e+02,1.652234109203185994e+02,1.537839673348659630e+02,1.373515955522422587e+02,1.359801365631148826e+02,1.567143216332727320e+02,1.692423797712554290e+02,1.500874913724538260e+02,1.517292640176529233e+02,1.541453705126546083e+02,1.464604731942277454e+02,1.374983367884462666e+02,1.415268275098446793e+02,1.492598150882053005e+02,1.613752897818772283e+02,1.731955367714008105e+02,1.593465284286969279e+02,1.624727619317653762e+02,1.613722293239359828e+02,1.448314963906639150e+02,1.433411532316315515e+02,1.582825808627104038e+02,1.886449053594271277e+02,2.413087666733042624e+02,2.110864009986448764e+02,1.995181520423354868e+02,2.133204813975860930e+02,1.919862214715664948e+02,1.773019221167711237e+02,1.827358042211123461e+02,1.928330850911494849e+02,1.656824506543877646e+02,1.724711256642975172e+02,1.731182068986865659e+02,1.770304625032197237e+02,2.025651081520909429e+02,1.724518348940714532e+02,1.639321124400512417e+02,1.908768969737811858e+02,2.011988005800881751e+02,2.087189352170929908e+02,1.994424639200180707e+02,2.099113472633659399e+02,2.240290191398012496e+02,2.385815156094259919e+02,2.295639365271255770e+02,2.373661222068805330e+02,2.346759905691423853e+02,2.515358662239813441e+02,2.583411275316460660e+02,2.698737238976553954e+02,2.454764127978264128e+02,2.403543983354984448e+02,2.418477017403234015e+02,2.439815915020923285e+02,2.539853648391327283e+02,2.483855006309365479e+02,2.515688838054151404e+02,2.647880621435978128e+02,2.696885122807202606e+02,2.721697682691811337e+02,2.614060188863641088e+02,2.477921933777433878e+02,2.429765140753890762e+02,2.378554875558169783e+02,2.172215118254153197e+02,2.289003782296342706e+02,2.329022620077348051e+02,2.303378603202309023e+02,2.215565634643480166e+02,2.050590315770448058e+02,1.948706865125073193e+02,2.247126460643133896e+02,2.267554389827379850e+02,2.228859858524089930e+02,2.076758198646792835e+02,2.170015650590150926e+02,2.371015831335577104e+02,1.993117951761154529e+02,1.885870610611723066e+02,2.000634358658257668e+02,1.967370292610230536e+02,2.169573451635885704e+02,2.082274287876702488e+02,1.617508719676378348e+02,1.234832775530231714e+02,1.167495424908238135e+02,1.390124652631439233e+02,1.816067955449739770e+02,2.000260776887723182e+02,1.911674499344135256e+02,1.905689699356289566e+02,1.792344348158539162e+02,1.747265204288263476e+02,1.729993817837886070e+02,1.772739103433587502e+02,1.815746295682745597e+02,1.991136388197833753e+02,2.170651183293307156e+02,2.351778670919352408e+02,2.245474164472484517e+02,2.063128956213321032e+02,2.052826243208951382e+02,2.065637738812621365e+02,2.069280995944657207e+02,2.077919185272048992e+02,2.062388469990310114e+02,1.477085903862535190e+02,5.107731409806418554e+01,1.814114659708660326e+01,1.596773285444789359e+01,2.360801393450236674e+01,4.954343526844181156e+01,7.671053297957703876e+01,5.816144135131927584e+01,4.136437880418210256e+01,4.991253030517327005e+01,8.095380404670970620e+01,8.535152588338260671e+01,8.323756253666105920e+01,1.021476858780625463e+02,9.732218965434994118e+01,8.233973545941159955e+01,8.114844461002353171e+01,9.542401101533229735e+01,9.750413291782307112e+01,9.721491539731555065e+01,1.141598387212890913e+02,1.125973490787148990e+02,1.033790620420181341e+02,1.014272788765595976e+02,1.079558599761526949e+02,1.115615240515748496e+02,1.159422803571505938e+02,1.330357982367291356e+02,1.301929202622215200e+02,1.207081071765634306e+02,1.159857381978148396e+02,1.160047684762534175e+02,1.457491207627646475e+02,1.333594737299381734e+02,1.358727148745272473e+02,1.484613966351858210e+02,1.468478127887398728e+02,1.464276208818257317e+02,1.641307520304065122e+02,1.277267009155964388e+02,1.070677702482197731e+02
1.547188903243288678e+02,1.613108100355042609e+02,1.675564048336477754e+02,1.654205495194414652e+02,1.812877693894301956e+02,1.850228695564649684e+02,1.704086769889045456e+02,1.803208275956122293e+02,1.908965766421954982e+02,1.849452649435381772e+02,1.834852977227678537e+02,1.879535968501814978e+02,1.868171072606700420e+02,1.829177649960481062e+02,1.934899209746670294e+02,2.086404554007102945e+02,2.214529245795766315e+02,2.062244029346612137e+02,1.972760284338144743e+02,1.975912894952683700e+02,1.776067513812040488e+02,1.749200895860696789e+02,1.755544891511442245e+02,1.893205396196345589e+02,1.867060504126222042e+02,1.957735974289824128e+02,1.992075529266882086e+02,1.922938095910977268e+02,2.022342166774236887e+02,2.160182585995259501e+02,2.111858650415289560e+02,2.002957467481464562e+02,1.865296240523484244e+02,1.848877606535196776e+02,2.004250886883877172e+02,2.128299790995978071e+02,2.077150825657510040e+02,2.033795268932715032e+02,2.015621569424439201e+02,2.069222669488487441e+02,2.143628450211958523e+02,2.143260654549193021e+02,1.962219312539861562e+02,1.961031827603578677e+02,1.682863923565527671e+02,1.606609349601905308e+02,1.811783344316895068e+02,1.987748762051021174e+02,1.849817901996568708e+02,1.898980526205371575e+02,1.978755423694006765e+02,1.774502975604746382e+02,1.660876795166198576e+02,1.721849534698416733e+02,1.977554049726819585e+02,1.965853529746630670e+02,1.962199390614042329e+02,1.994032010446853462e+02,1.720930290952383928e+02,1.540872726392115339e+02,1.477248750687577115e+02,1.513826585539636369e+02,1.541732873222163676e+02,1.529330617183194931e+02,1.496068260372499594e+02,1.720161625975367770e+02,1.894229559974277777e+02,1.767003921030305378e+02,1.649793041702426137e+02,1.746553999994761739e+02,1.722050583031359281e+02,1.538810960253063058e+02,1.534613313119417910e+02,1.537075115970037871e+02,1.494363635946132263e+02,1.577781645994472797e+02,1.719205075550407571e+02,1.891509647080757190e+02,1.729280736193758514e+02,1.698086708055714666e+02,1.722637086355900635e+02,1.700871514425359976e+02,1.658358649344369269e+02,1.674662335281658443e+02,1.617546927272468338e+02,1.700766763613029866e+02,1.872847801632300957e+02,1.941801564110804748e+02,1.947629077288908093e+02,1.853213800013234618e+02,1.951213454127383216e+02,2.082839542402861355e+02,1.982016151690067716e+02,2.000054910627926006e+02,2.100150528284210054e+02,2.131580601224607676e+02,2.183571876715590747e+02,2.176161699769276652e+02,2.192890286424793373e+02,2.065178776332890038e+02,2.078796945777016276e+02,2.136331795248057119e+02,2.135916520771349667e+02,2.188631092918973025e+02,1.962819903806022808e+02,1.842798793942163798e+02,1.948795233857519804e+02,2.154254716708553303e+02,2.199124468780230757e+02,2.229975210652836211e+02,2.303254013796502306e+02,2.381272388839168173e+02,2.564509677881645189e+02,2.457145111155410859e+02,2.536552011795510850e+02,2.752832886217037185e+02,2.718483830059415141e+02,2.824660610270370285e+02,2.812786839570288180e+02,2.510971344182980260e+02,2.413255413104701290e+02,2.618177197235469293e+02,2.780620729417153143e+02,2.800210200430084910e+02,2.742034761149889164e+02,2.760406266010235754e+02,2.893461897461758667e+02,2.858703943347614995e+02,2.668019683907436388e+02,2.394877540005891490e+02,2.431231439507061225e+02,2.554055308537276119e+02,2.373612474417012379e+02,1.617526632692276678e+02,1.328442023158116854e+02,1.341191675500523388e+02,1.498125457637864315e+02,1.679926978949688703e+02,1.910218737449698096e+02,1.869841428214358245e+02,1.896757413154508356e+02,1.908961729116495007e+02,1.924365382472955730e+02,2.092085332160725102e+02,1.824056931070093412e+02,1.548846263080729955e+02,1.492140267625991612e+02,1.737093873389359828e+02,1.942958756524026001e+02,2.009788317568319371e+02,1.888384381685219466e+02,1.774503072366875926e+02,1.740590623607699854e+02,1.789613347990128602e+02,1.832663062260982372e+02,1.909697238455025285e+02,2.024855683447428589e+02,2.119355105505747474e+02,2.171971389336307539e+02,2.250608559556969226e+02,2.289349910888964814e+02,2.262053559655064419e+02,2.259791418062529260e+02,2.100144018471293634e+02,2.277186768799669778e+02,2.345722335228505813e+02,2.460074668255686277e+02,2.384130347671649588e+02,2.413452121551492837e+02,2.314823507181143043e+02,2.383510475978204681e+02,2.413753385414064780e+02,2.396768128928610224e+02,2.379995790215849638e+02,2.211045463175551617e+02,1.700176828847099273e+02,8.809783570380437823e+01,7.241691125932624118e+01,9.891409132806282400e+01,1.070588357497086065e+02,1.184620125390154328e+02,1.247976645954640418e+02,1.437415783606440982e+02,1.265442527089864058e+02,1.203224596501931813e+02,1.549866932635104604e+02,1.477561222534101262e+02,1.500769853692696074e+02,1.626284075882394689e+02,1.547506050339878243e+02,1.583715904182310794e+02,1.496427584311275041e+02,1.490056514677249311e+02,1.571855272407545669e+02,1.557667931725572430e+02,1.696681705568803409e+02,1.692009069658835472e+02,1.567225081124964845e+02,1.520871687974328381e+02,1.555401848722537466e+02,1.639815018021762398e+02,1.577676028928441383e+02,1.630745703504047128e+02,1.729636757451694962e+02,1.690618133742606801e+02,1.349909964468151884e+02,1.302491001602735139e+02,1.492343803815737715e+02,1.669768977777605983e+02,1.913432251790975442e+02,1.718064325680794013e+02,1.763693035838235232e+02,1.806386892131179991e+02,1.753516212816658708e+02,1.683205579317703950e+02,1.563834228203659791e+02
1.783069708440015972e+02,1.758723796891649158e+02,1.796659865446040385e+02,1.725315515508086719e+02,1.959991821516652806e+02,2.064483335093212304e+02,1.843625035101483434e+02,1.977438512569590046e+02,2.195204124803567254e+02,1.993306204310781595e+02,1.827331215893099170e+02,1.944910274321456995e+02,2.115443879044830169e+02,2.169447560995269555e+02,2.087908957836562536e+02,2.060262603750405503e+02,2.136278020369463775e+02,2.121436436770669047e+02,2.163356520506141010e+02,2.190305320457676999e+02,2.102767184470629616e+02,2.068713860072620605e+02,2.415252345095698274e+02,2.251814619607502550e+02,2.211200169333984036e+02,2.386056501291040490e+02,2.579899031681378005e+02,2.549352628621685142e+02,2.406426635538830681e+02,2.400763088553488274e+02,2.447296373423983766e+02,2.601765172846835412e+02,2.657865008147531967e+02,2.558424421039874801e+02,2.544226737151868463e+02,2.672554441925836954e+02,2.560689178588494315e+02,2.463159531961649975e+02,2.360586056703553481e+02,2.448390277312064427e+02,2.451169151003809930e+02,2.392268599642913784e+02,2.363753750408542089e+02,2.355881790770240514e+02,2.356209740263803951e+02,2.693845226635027643e+02,2.580767313756903150e+02,2.357251906367567926e+02,2.489696299390221839e+02,2.642776400374302739e+02,2.628317517526097049e+02,2.526265642513737362e+02,2.600619984559744466e+02,2.714446949230670043e+02,2.814571240187166268e+02,2.701988122380316781e+02,2.307679605937574365e+02,1.784373243196545786e+02,1.557468269805827390e+02,1.400983043011314066e+02,1.268726107347609684e+02,1.287894369416121947e+02,1.285865160664450002e+02,1.195095054414335323e+02,1.224856635334561616e+02,1.397782969876705863e+02,1.495615049460297996e+02,1.382517620832501848e+02,1.315612172926184371e+02,1.406394436250274396e+02,1.354150399480033116e+02,1.231332314790252980e+02,1.193493223345735856e+02,1.173965496899716072e+02,1.171174706633533589e+02,1.251620071984417137e+02,1.398250251543775562e+02,1.507976900109482870e+02,1.484630420510225974e+02,1.523358662517196365e+02,1.507534448382091909e+02,1.417980056376885614e+02,1.339508471483522385e+02,1.342801130967912684e+02,1.352937898005004342e+02,1.423112439379112857e+02,1.612065578405530175e+02,1.761234310390673272e+02,1.765248097732666963e+02,1.663918860384659411e+02,1.708226180824757137e+02,1.800170179882877619e+02,1.845557607182227571e+02,1.961635392549495691e+02,2.000422812090351385e+02,2.012425227454632193e+02,2.126025737394225814e+02,2.038541884820836572e+02,2.069462849804969835e+02,2.172978728869045426e+02,2.266921557872682911e+02,2.282852320159142891e+02,2.189107043636888932e+02,2.091984163771516023e+02,2.058812944376039127e+02,2.226353399640038901e+02,2.291445294171365390e+02,2.397357644880739258e+02,2.508513571906789821e+02,2.577395548427982703e+02,2.374262727496176808e+02,2.338596465397464499e+02,2.424003717201954657e+02,2.575185676188335151e+02,2.559600833730774525e+02,2.530448515520174340e+02,2.539469952232471712e+02,2.662475824676936327e+02,2.571974512178832697e+02,2.563056642366935876e+02,2.585635941882708266e+02,2.785622568677835034e+02,2.922997206301466235e+02,2.667113973848605042e+02,2.596024505816409373e+02,2.623994791430495184e+02,2.724509830665754180e+02,2.877239023723806213e+02,2.592579345322907329e+02,2.252307519143401464e+02,1.973919758466216763e+02,1.870285492759763883e+02,1.996478385966676115e+02,1.659109750148952287e+02,1.306899704388563919e+02,1.249719415583331852e+02,1.377894722575354365e+02,1.723734895348208909e+02,1.906664947311290916e+02,1.696102829623482648e+02,1.701715790804279322e+02,1.671218789419221480e+02,1.655285003329386768e+02,1.751171290295993970e+02,1.476704903641191606e+02,1.336281672413707042e+02,1.378589133783993930e+02,1.586701008801105957e+02,1.796198332940052467e+02,1.824880549107529362e+02,1.493107469222464374e+02,1.508679206856924111e+02,1.701782978857538353e+02,1.941429556987693559e+02,1.920934300129585210e+02,1.866447381616116559e+02,1.856268411967942313e+02,1.805671131636810856e+02,1.902996543130312830e+02,1.838945434229973159e+02,1.896132173391106051e+02,1.993698276252365531e+02,2.023342914006805131e+02,2.155194691525149722e+02,2.102489080947558477e+02,2.135013312789085376e+02,2.139241582187025870e+02,2.301144698539186209e+02,2.199612931629166326e+02,2.152216539670517648e+02,2.236602199004234137e+02,2.298562394858554967e+02,2.325163221319723448e+02,2.456901937455001530e+02,2.222493686395696102e+02,2.106119506241379327e+02,1.776349493797185914e+02,1.447241307264608565e+02,1.560393133676407444e+02,1.846797319545331106e+02,1.828836095764430354e+02,1.820773639525727106e+02,1.800007122325309865e+02,1.813450300434785163e+02,1.700633075643053758e+02,1.819323931346045526e+02,1.880987981095927637e+02,2.134305863098939540e+02,2.071454902688854247e+02,2.075763551218788621e+02,1.940174440763409223e+02,1.910657984020798210e+02,1.862306936051142827e+02,1.912140203606140858e+02,1.980692391161045123e+02,2.055030333013899053e+02,1.978762019039768347e+02,2.072609780968647328e+02,2.178120946419647055e+02,2.143707517912326068e+02,2.115244072402452105e+02,2.091089041723034825e+02,2.194670199090688527e+02,1.981904913055926158e+02,1.859767070471603461e+02,1.563708436104203088e+02,1.585829382392201410e+02,1.747832686023330382e+02,1.883237713911978233e+02,1.969141469182905553e+02,1.720466547051579767e+02,1.693821467894725856e+02,1.701160970765713785e+02,1.968890288328397844e+02,2.082941022038966139e+02,1.866288232288564188e+02
1.820525130714351576e+02,1.850492852673374955e+02,1.998996522062471399e+02,2.058980774905163003e+02,2.110353832733825357e+02,2.375599288057811975e+02,2.306100626464653658e+02,2.331108154483941348e+02,2.376564127457907318e+02,2.226537262613685755e+02,2.149125506485370067e+02,2.272964499656430633e+02,2.337852298936218745e+02,2.454768427767828598e+02,2.170561698155356112e+02,2.288968426924540722e+02,2.543732634842449727e+02,2.417357420542924729e+02,2.058719184282843173e+02,1.709652030063000439e+02,1.590757341235417357e+02,1.652562016002293888e+02,1.610790566636570702e+02,1.430641183092677977e+02,1.374475109349877471e+02,1.358612833199388206e+02,1.385173395869977355e+02,1.409938817996739431e+02,1.344665643263833488e+02,1.302499421958186758e+02,1.335302287610984706e+02,1.374411991523427901e+02,1.475959902121693972e+02,1.741144379150995292e+02,1.855378202588323120e+02,1.967426569815666539e+02,2.049693006767916472e+02,2.065839047571646745e+02,1.788294756817928146e+02,1.640385490769706678e+02,1.575712891990232549e+02,1.551461627171045166e+02,1.645834247539634418e+02,1.594298257842147279e+02,1.598660403849379463e+02,1.620618797272591394e+02,1.613654073530626079e+02,1.786853344880192935e+02,1.944432993701721557e+02,1.739218638127184988e+02,1.578722184162757856e+02,1.553538751246931611e+02,1.638203694974968414e+02,1.804278351589871363e+02,2.029425968130844922e+02,2.091652684322417031e+02,1.974359636760181616e+02,1.960786066451093745e+02,1.975925444902346442e+02,2.023168647883615279e+02,1.811421557232698376e+02,1.831014117120723199e+02,1.779312567133988523e+02,1.610740298181272010e+02,1.683713260957447062e+02,1.813594813651445179e+02,1.825570748437413613e+02,1.746471113181876831e+02,1.743172328128313779e+02,1.776705371695394433e+02,1.775531029851517246e+02,1.720842557666027233e+02,1.675878181877578470e+02,1.641492637198139164e+02,1.674907842030229972e+02,1.735188626321642573e+02,1.841823192692581870e+02,1.896723124918638916e+02,1.903769431356923860e+02,1.936488073922107560e+02,1.923204092573650428e+02,1.895735654656984934e+02,1.816686232381976822e+02,1.830785310933169683e+02,1.877112668367321930e+02,1.906779379897119782e+02,2.062258575785874939e+02,2.240999819044035917e+02,2.193885240277161301e+02,2.179184984945202928e+02,2.186178628650159226e+02,2.250790886258461398e+02,2.414230397560091603e+02,2.371635655498025983e+02,2.454136634471815910e+02,2.580796285054873920e+02,2.457522971929872710e+02,2.396730766609019270e+02,2.330364597407634903e+02,2.257645698752643000e+02,2.278133949128971949e+02,2.303908922196890217e+02,2.411619609088795357e+02,2.445627317690944551e+02,2.308695967661690815e+02,2.302727256696954896e+02,2.458052702433789136e+02,2.457670008523915612e+02,2.351924201025091463e+02,2.165595491041236755e+02,1.958015383387203201e+02,2.029308162646066194e+02,2.343932461322240499e+02,2.294660372877030454e+02,2.182139264904754157e+02,2.111434072961456536e+02,2.094309874831737375e+02,2.247471978771055774e+02,2.199379011682314342e+02,2.108634196961446605e+02,2.199412675910321013e+02,2.384328331714555986e+02,2.339701813693378654e+02,2.298074345597266870e+02,2.258967575559797751e+02,2.214979240112140246e+02,2.294779108146320539e+02,2.303123498973332630e+02,2.186290811340166442e+02,1.912230340575700041e+02,1.733964722307023294e+02,1.755038873180044448e+02,1.873812331941432205e+02,2.107570991638577311e+02,2.038083103480730927e+02,1.937069171242127652e+02,1.887677304069626985e+02,2.084259415340404473e+02,1.828094273304009789e+02,1.751244769432976796e+02,1.836767421893859478e+02,1.692429800816212264e+02,1.668935331898685206e+02,1.660692332358685803e+02,1.796163241882960335e+02,1.860572589973906190e+02,1.990155335623639701e+02,1.963224514165821120e+02,1.757041632914880438e+02,1.715973768100508607e+02,1.604237085520902610e+02,1.720859449472677056e+02,1.832800882886365628e+02,1.967396682338184917e+02,1.831945508999842787e+02,1.848856545117374992e+02,2.017065373872218856e+02,1.633992257333604243e+02,1.522757716562362589e+02,1.481168663593219037e+02,1.544900107943445562e+02,1.626719367042669830e+02,1.677074848894900185e+02,1.866708795796092772e+02,2.035550266942249777e+02,2.107900101405298869e+02,2.118233324260046970e+02,1.895286171990304638e+02,1.925013745428940126e+02,2.006525780640140511e+02,1.919443948135589437e+02,2.011141738297398547e+02,2.120445931670071218e+02,2.085403998308525786e+02,2.303336984824790363e+02,2.230059979899485540e+02,1.925066484190846836e+02,1.908510714171945324e+02,2.027282444894250943e+02,2.073229549725220977e+02,2.095653069141434344e+02,2.180073832542681203e+02,2.235830449010137215e+02,2.185755687528829867e+02,2.159300934011906747e+02,2.181660523048730340e+02,2.242982099356568142e+02,2.429980587048825100e+02,2.300966508188832620e+02,2.390073142790066640e+02,2.048939538484682998e+02,1.697807296349081412e+02,1.320806268636487744e+02,1.318441792272602129e+02,1.672569253281209001e+02,1.926364120338351711e+02,2.050765421115859510e+02,1.869040748023950869e+02,1.943340879672844039e+02,2.104094271371777722e+02,2.036126870104214106e+02,1.957165641468996569e+02,1.875366435025386522e+02,1.997952699264735372e+02,2.171653527825761500e+02,2.225160517097687887e+02,2.104182935749284979e+02,2.052741578771642423e+02,2.004063316670389838e+02,1.801793684430293467e+02,1.474542941270065626e+02,1.430545417680293951e+02,1.632402774002224817e+02,1.855876809949669450e+02,1.829017669201981846e+02,1.736978325906463851e+02
1.773712931189326696e+02,1.804855809535312687e+02,1.764703897794704517e+02,1.696210354036182366e+02,1.881001565560594884e+02,2.198681594879846841e+02,2.427563713122430897e+02,2.518423936169926378e+02,2.330620374349015265e+02,2.070046077189610116e+02,1.869513455663972650e+02,1.961328843609127546e+02,2.109671012027164352e+02,2.208112786348320924e+02,2.236945431885491757e+02,2.415884376906711282e+02,2.477335019164054302e+02,2.268400577591057470e+02,1.853663824116746923e+02,1.527668604094428702e+02,1.434031887997350623e+02,1.343662233893852260e+02,1.370052588206907558e+02,1.313058293140141188e+02,1.193932597317015762e+02,1.178493970480670470e+02,1.210493509899545472e+02,1.199303499179440990e+02,1.155025836484235811e+02,1.134964310210770577e+02,1.100097115855625418e+02,1.043795253779079388e+02,1.106871300173249892e+02,1.396124005881384846e+02,1.625785636608720779e+02,1.707981996661341100e+02,1.752821861343520311e+02,1.828781093009694416e+02,1.605017860960472831e+02,1.340862953561001518e+02,1.194032670021193780e+02,1.249812941516935183e+02,1.421060778748274629e+02,1.264829414960570091e+02,1.297476568262718217e+02,1.340463098313854857e+02,1.337954090920750900e+02,1.577409321981345443e+02,1.584513211353400663e+02,1.415220099950074655e+02,1.300461664634339911e+02,1.286946447980185440e+02,1.361950942563806848e+02,1.489029716745205860e+02,1.686678641359128505e+02,1.689153523295412072e+02,1.598163995197094494e+02,1.603154653746440772e+02,1.732510950427422358e+02,2.048815439501369440e+02,2.135973267272660223e+02,1.971817024716938533e+02,1.852818575093309050e+02,1.748607220530439577e+02,1.807028092261044208e+02,1.821280121694244940e+02,1.822453413377957645e+02,1.911790765455514816e+02,2.166476411825998412e+02,2.445637555013113342e+02,2.445841702721282616e+02,2.073305925540998373e+02,2.026908269322995295e+02,2.327076709754401804e+02,2.528312652257558852e+02,2.235888290714326558e+02,2.120135824669475255e+02,2.253608962910372782e+02,2.355853200602926449e+02,2.349109959355906767e+02,2.338499173491404690e+02,2.414189925290952203e+02,2.487899686320479020e+02,2.404945284907219616e+02,2.448613215572721629e+02,2.551387023061553236e+02,2.430114610038572494e+02,2.403706536307267640e+02,2.485188838935112585e+02,2.680742330772212654e+02,2.706257352441277817e+02,2.766934585450920281e+02,2.838830403048812627e+02,2.604852550165074376e+02,2.654680871679636880e+02,2.696424832484820513e+02,2.692603024618849190e+02,2.749440906300887377e+02,2.691512769350837857e+02,2.526868205789068327e+02,2.435279791884670999e+02,2.219879643322187803e+02,2.175075992797787308e+02,2.240489585894281390e+02,2.299751018050008327e+02,2.289624247584867760e+02,2.157388664040088315e+02,2.172653376461190078e+02,2.190436991203917785e+02,2.001617233413351187e+02,1.897793097004437186e+02,1.927758529608586286e+02,2.177457226363372342e+02,2.014363074352134220e+02,1.800338488207688386e+02,1.768196437240776504e+02,1.872209302062970551e+02,2.052224161696158831e+02,1.855949833255985766e+02,1.680751339511118090e+02,1.724680152012644498e+02,1.855048161404237135e+02,1.879897684895023531e+02,2.008738828594706263e+02,1.880165705393982023e+02,1.839069404315397946e+02,1.946210199272412638e+02,1.812599989233138160e+02,1.606448732052966193e+02,1.456115892678058401e+02,1.441788562461066476e+02,1.615718888222803002e+02,1.828372136885019188e+02,1.934728861614090931e+02,1.781930036957425045e+02,1.733225984043884864e+02,1.796379649976109363e+02,1.774527880091593488e+02,1.734213466107113106e+02,1.850235738512650414e+02,1.902395448250674406e+02,1.824657382020059231e+02,1.577479900948609952e+02,1.640984245658218299e+02,1.734506812968042198e+02,1.712808757734494520e+02,1.959393414209271498e+02,2.031301313237514705e+02,1.613660902586042880e+02,1.437688713173615156e+02,1.566993198271795791e+02,1.740217576344316797e+02,1.634251831671676598e+02,1.820427176817895543e+02,1.921791094669252402e+02,1.892126964792124113e+02,1.776106235974291678e+02,1.647981503941703352e+02,1.582115200252779346e+02,1.679209313425438381e+02,1.759149162603769412e+02,1.894655906524634190e+02,1.934599056152038941e+02,1.981207088832196632e+02,2.153948690269252779e+02,2.188688413444752427e+02,1.932781169072631826e+02,1.621981066803694773e+02,1.569494477706434168e+02,1.716679491717059989e+02,1.918937441898994507e+02,2.009350288673225862e+02,2.158848270514112073e+02,2.293726806542712495e+02,2.461418566318939156e+02,2.189822788837218184e+02,2.063494243781357795e+02,2.022024149481103734e+02,1.896000257131058504e+02,1.882169506562810852e+02,1.923877900415675413e+02,2.218037491508062544e+02,2.326589147644681361e+02,2.318700596145386044e+02,2.350927582118818009e+02,2.182958026778629517e+02,2.101827510200445772e+02,2.372259793956122280e+02,2.243878611285682325e+02,2.100783633724769004e+02,1.880845241199374698e+02,1.212706017092142616e+02,9.318876285482654964e+01,1.064628146730008211e+02,1.537452303938533191e+02,1.507196970692564832e+02,1.576490379373181270e+02,1.775147304974544511e+02,1.843795662377482074e+02,1.759506863322567369e+02,1.540274100833628097e+02,1.405698062445418088e+02,1.444692107356311226e+02,1.789707913419950103e+02,1.962602837621408014e+02,2.034712629245459254e+02,2.154849401425059909e+02,2.039546997194501046e+02,1.939113142336841804e+02,1.955785795791815929e+02,1.785332202207993078e+02,1.712401387481699828e+02,1.802303982659186374e+02,1.816434328110838976e+02,1.799289635957282769e+02,1.899007050232315521e+02
2.053243021112577651e+02,2.018294174134916830e+02,1.905584250198607776e+02,1.846610090642827231e+02,2.074208029049773359e+02,2.332010317533296302e+02,2.320580675139004825e+02,2.298727844891119503e+02,2.202023069223305640e+02,2.154904576242082612e+02,2.015520582903522495e+02,2.138742909665110119e+02,2.422838233251108022e+02,2.482196574990560975e+02,2.707925037842406937e+02,2.751803022489046953e+02,2.698274998398803746e+02,2.483176588148731980e+02,2.237535852464729942e+02,1.834234173839451216e+02,1.719249840349985448e+02,1.772980980340318240e+02,1.863670899156023495e+02,1.836386157934853429e+02,1.879310242562112876e+02,1.932283697620087253e+02,1.994260677710304890e+02,1.895483284230122649e+02,1.886052710315320269e+02,1.855042160850008486e+02,1.715074430462146893e+02,1.567521576102027723e+02,1.512593540617635313e+02,1.626260595897664984e+02,1.905763790525816717e+02,2.007960014279618974e+02,2.091402698020534672e+02,2.199769131521207157e+02,2.086379837848758712e+02,1.808709687428088557e+02,1.623564605609745399e+02,1.632236309730296000e+02,1.719974589082320335e+02,1.706602208858293466e+02,1.821855906932881055e+02,1.853041582882173941e+02,1.813812656648555048e+02,1.936692503356852342e+02,1.966315523090033821e+02,1.940517940043696967e+02,1.858819756817098892e+02,1.875301209338602462e+02,1.934797641511726169e+02,2.000752603166144468e+02,2.164015642764096583e+02,2.118806860371490757e+02,2.035017041676506153e+02,1.972521542064765470e+02,1.986917388170909078e+02,2.239009681858866827e+02,2.534283874441097737e+02,2.460290975779954010e+02,2.389555485976720490e+02,2.240494112553197965e+02,2.409110484980279523e+02,2.348931140612470472e+02,2.266840578075034500e+02,2.243614387149027607e+02,2.349748303661175726e+02,2.548918755826693143e+02,2.502280231360936398e+02,2.424970287687362713e+02,2.429606056399307192e+02,2.671462806841178121e+02,2.708190346850660717e+02,2.609451641514996254e+02,2.516165146326706576e+02,2.561898149570381520e+02,2.593837796744982143e+02,2.497207027286874279e+02,2.573292798569175943e+02,2.552193527123198464e+02,2.739583692575976670e+02,2.639168312211320995e+02,2.699517465835593839e+02,2.826956291343201997e+02,2.656346835826335564e+02,2.600444604667342219e+02,2.642199629142171489e+02,2.705780104446653809e+02,2.827632124323625931e+02,2.845562108703676358e+02,2.972028113289179032e+02,2.928358905628823550e+02,2.758623204064822403e+02,2.728403439974535445e+02,2.786208135899178728e+02,2.761421141445836156e+02,2.601187746231411211e+02,2.500503551636678594e+02,2.561027094320402853e+02,2.362216807450901968e+02,2.175502985298097940e+02,2.368163049109132601e+02,2.379643167687011953e+02,2.221939773111888599e+02,2.230518138678781384e+02,2.370885045901023886e+02,2.450197504291039650e+02,2.445244034622552363e+02,2.407521740620943831e+02,2.103054299699542469e+02,2.172208205732359261e+02,2.296709227633952253e+02,2.215445662855099442e+02,2.196265296532961315e+02,2.344998936630781543e+02,2.346101486341229929e+02,2.279838881179597081e+02,2.037071636016983689e+02,2.072366409356967552e+02,2.208861731859208248e+02,2.208938194293719732e+02,2.186288227845010397e+02,2.157227534723127746e+02,2.207564531319608250e+02,2.408244456390431765e+02,2.163209590440600891e+02,1.907055815720084979e+02,1.693862781738394290e+02,1.663585478478388495e+02,1.899639490384664100e+02,2.019040620246158255e+02,1.907832641046347533e+02,1.857639139547594027e+02,1.954477230433795114e+02,2.001278642076821939e+02,1.958028448144530955e+02,1.980775514526865209e+02,1.979012386789639777e+02,2.034033920015563695e+02,2.040079843614197159e+02,1.718473359580487738e+02,1.853303739906944543e+02,1.891060209230994928e+02,1.896142392343709560e+02,2.039863342807664424e+02,2.274635012456734842e+02,2.006929650979012933e+02,1.772974740993905698e+02,1.896308544788672634e+02,2.018649983368600829e+02,1.751721318777408669e+02,1.329300698498870190e+02,1.242306431056680935e+02,1.469331582834939809e+02,1.852544120441189932e+02,1.899497021999821982e+02,1.912899299880213277e+02,1.838898824690622575e+02,1.833780053153811309e+02,1.745793407305854998e+02,1.750490302632174462e+02,1.859893993385234126e+02,1.872867502101287016e+02,1.893354447019625866e+02,2.009753705319578216e+02,1.956174698670827468e+02,1.864529356075172188e+02,1.904205243333465774e+02,2.096831207357080586e+02,2.368511993894635452e+02,2.340320851926619525e+02,2.274880859543973770e+02,2.286011583777641363e+02,2.155915847735416548e+02,1.978023015245444753e+02,1.983658911307113613e+02,2.016295689511240710e+02,2.206259509607182849e+02,2.153470735934823210e+02,2.127711793756980114e+02,2.356311003004122995e+02,2.409077401568079608e+02,2.129436254834479314e+02,2.051443885207768005e+02,2.051600921644187281e+02,2.332551398650980445e+02,2.358317978464893940e+02,2.156648308328098835e+02,1.832071119582705592e+02,1.361375472679084453e+02,1.151434552596282970e+02,1.292090015286674429e+02,1.691768939817467583e+02,1.620269687597022426e+02,1.690238498482659111e+02,1.877585748473236720e+02,1.890359157640454555e+02,1.935527504413987572e+02,1.825229745670617376e+02,1.639789139456078431e+02,1.693365586262239049e+02,1.970957506770419059e+02,2.075874652537295901e+02,2.199753505944605081e+02,2.214143321219045220e+02,2.275835399302767996e+02,2.290971410223380929e+02,2.108153545675874625e+02,2.092772285730763429e+02,1.922140881755703106e+02,1.998711260956228273e+02,1.895337181344440296e+02,1.739122513676011295e+02,1.928758534557551059e+02
2.402560161301353787e+02,2.293291743531343627e+02,2.405698371413266159e+02,2.419456275039408126e+02,2.462895988496952668e+02,2.497205421142600699e+02,2.461146560117633442e+02,2.404707621816958181e+02,2.273352276923887985e+02,2.420842304857730767e+02,2.565078773932827971e+02,2.577034322095398693e+02,2.414947779581138718e+02,2.398293611639313383e+02,2.559186255439083197e+02,2.712322673379543403e+02,2.671356670849973511e+02,2.595777019256957487e+02,2.475674637052697165e+02,2.170790528982269620e+02,2.098082326231731258e+02,2.142668082599954289e+02,2.271548666301619619e+02,2.306517410721470753e+02,2.597701751129121703e+02,2.428900519980226136e+02,2.513424120725989610e+02,2.338590276437997488e+02,2.394106438630967091e+02,2.599361177653028108e+02,2.525077654523337856e+02,2.377371099260497544e+02,2.393266946052050343e+02,2.416535139162540418e+02,2.386640490035872233e+02,2.460433988913602548e+02,2.578546963532236305e+02,2.609591665771568501e+02,2.572559580413725939e+02,2.495363272102266308e+02,2.673855925980047914e+02,2.570944929131557046e+02,2.367917168537785244e+02,2.442678137280527437e+02,2.849132455144050482e+02,2.731863190458999497e+02,2.706825002764087458e+02,2.719950453284858440e+02,2.666963145047153034e+02,2.563308996755267799e+02,2.374774881971089826e+02,2.508201710444391779e+02,2.604175316735247634e+02,2.634236345803464587e+02,2.817476199496588265e+02,2.628514220405146489e+02,2.575476943330393738e+02,2.337267075508171388e+02,2.096415751575797231e+02,2.297215575296806946e+02,2.328796632622021150e+02,2.111176434772415007e+02,2.197862014447625825e+02,2.339707362202622676e+02,2.283931531183790469e+02,2.416009407884413065e+02,2.432930460531306949e+02,2.504275036050133849e+02,2.543523679522247107e+02,2.564496593100843143e+02,2.574574554550359267e+02,2.925023630067722138e+02,2.688184312803743978e+02,2.674986994794481348e+02,2.648417384845570837e+02,2.653640112600128873e+02,2.594650986155821784e+02,2.614370722021848223e+02,2.645666773800495548e+02,2.687151928191853472e+02,2.636799245609237232e+02,2.751857370048311395e+02,2.838267668272160336e+02,2.736026791001369247e+02,2.724772266073218248e+02,2.755373934872220616e+02,2.877631864604016982e+02,3.002376719474416973e+02,2.970562551049920899e+02,2.752479960469201501e+02,2.717817866243593699e+02,2.820614544307319989e+02,2.784541775997355444e+02,2.805468583044233810e+02,2.783221170945106451e+02,2.862665908296513635e+02,2.895278292191135279e+02,2.921513480047136682e+02,2.837550433745020655e+02,2.662905644889196424e+02,2.618738212256202473e+02,2.509208519302741820e+02,2.270689795038394436e+02,2.421343663048174335e+02,2.483607114923412098e+02,2.379474221535969036e+02,2.648878220691139518e+02,2.614745838307397321e+02,2.423176633545199081e+02,2.444794617375915777e+02,2.497091542683197076e+02,2.425090245546418828e+02,2.475791707617187853e+02,2.577981279690951055e+02,2.761447758483905091e+02,2.597717498554447957e+02,2.639214432678571143e+02,2.541833653999024705e+02,2.458834465769578514e+02,2.542724093415090181e+02,2.478704344541719991e+02,2.508004558008691731e+02,2.576000407854330660e+02,2.746022987582074393e+02,2.875075964185975863e+02,2.867576399382012937e+02,2.956005564766286966e+02,2.696869468389604663e+02,2.525388367446569760e+02,2.354690161821536663e+02,2.291094215945688291e+02,2.465887124580915497e+02,2.506607413806313502e+02,2.084783718725477115e+02,2.071532971854212519e+02,2.027967687754882888e+02,2.003277770966489300e+02,1.812395323987698248e+02,1.716923856086395404e+02,1.751979137201013828e+02,1.907431100009450518e+02,2.189765036034480943e+02,1.971982199250695373e+02,1.890783719980597084e+02,2.056234300910116133e+02,2.115473946394473330e+02,2.060605829295287776e+02,2.090945068991142364e+02,2.001714041932931991e+02,2.113549751890142261e+02,2.239205453903699379e+02,2.200171030020135845e+02,1.609104002260326638e+02,1.265971866259668985e+02,1.204976579063717566e+02,1.440734957692571356e+02,1.968694392927199885e+02,2.091792501270906541e+02,2.016110907965478418e+02,1.900574052955446973e+02,1.953863436507815834e+02,1.697512349139294372e+02,1.597018715286187671e+02,1.732471742830803407e+02,1.764038898913399862e+02,1.775449764857064565e+02,1.969221936361473126e+02,1.700284688898419176e+02,1.679703313330936112e+02,1.957834067823675355e+02,1.964833594945835955e+02,1.979756629088167301e+02,2.232919125120495494e+02,2.182592330196438866e+02,2.093820528969553152e+02,2.121962893685148686e+02,1.938899121699484454e+02,1.928362903918144582e+02,1.957402468601910073e+02,2.028395746691660690e+02,2.045371794560615513e+02,2.009950144494391679e+02,2.137304644756641210e+02,2.253673954337746750e+02,2.122005945595636263e+02,1.972960396542636090e+02,1.876513726112610243e+02,1.969195481072825658e+02,2.272080257307882789e+02,2.211270057950577836e+02,2.291515944955387738e+02,2.090704805332850640e+02,1.999111853008197670e+02,2.168402534007599058e+02,2.175379920975385346e+02,2.165874512035591408e+02,2.301088721385751228e+02,2.372875942676278100e+02,2.498719402364758366e+02,2.322567299430908747e+02,2.369214226956807465e+02,2.479308437129132017e+02,2.560084211495848194e+02,2.386693961487486320e+02,2.343824088292134036e+02,2.355143330816927119e+02,2.368468921216485512e+02,2.159092667518730195e+02,2.230197424633092851e+02,1.928919408599912515e+02,1.830429515971959233e+02,1.837457146187443584e+02,2.106477214371227547e+02,2.128546600970032614e+02,2.048668262212666207e+02,2.081080254933908691e+02
2.527340800438419990e+02,2.440785767979210448e+02,2.347449165407693101e+02,2.309720573578554195e+02,2.201515240282408570e+02,2.000176293943470966e+02,2.039090891868835342e+02,2.186389074248124018e+02,2.318276939589240442e+02,2.437551863159187064e+02,2.254678864936666969e+02,2.280968573763956897e+02,2.322111301913982118e+02,2.157328094647614876e+02,2.253571490044934933e+02,2.539705407530263130e+02,2.495208395319990018e+02,2.219934920828722795e+02,2.182144271310343697e+02,2.116565973264694946e+02,2.062729662742244443e+02,2.020246010113850730e+02,2.319053536574454881e+02,2.307605455112787922e+02,2.257426907122629132e+02,2.158818145344816628e+02,2.337033036992803545e+02,2.499533970752465279e+02,2.357596107099636527e+02,2.437246503499997914e+02,2.603826845803894230e+02,2.718046594090488952e+02,2.605963132832763449e+02,2.565460608276784455e+02,2.606350146280017270e+02,2.683741803462557414e+02,2.815822449004474493e+02,2.829442122839898275e+02,2.848384610126211101e+02,2.642670634765242426e+02,2.643367514110121306e+02,2.723090297681143852e+02,2.628870072358225798e+02,2.731785666695645318e+02,2.865483927901570951e+02,2.835335171409583950e+02,2.592644585476385828e+02,2.502474675973250555e+02,2.534407821824321445e+02,2.656834399476931594e+02,2.549374862957263588e+02,2.685248602716635560e+02,2.678959179231139274e+02,2.586199797647952892e+02,2.873382319734437829e+02,2.786602512422112454e+02,2.733686194026576572e+02,2.240558187113687438e+02,1.902962287793609448e+02,1.652245967353790093e+02,1.642423339852253434e+02,1.693708184896889861e+02,1.870311677984126391e+02,1.822280152428849078e+02,1.704991757776814438e+02,1.701232451249055657e+02,1.896294762374748757e+02,2.212290782023371207e+02,2.301363467665949543e+02,2.251441177572726531e+02,2.416077195924665943e+02,2.562522480244726353e+02,2.479897864065716533e+02,2.254084602053598871e+02,2.205425971735553219e+02,2.144334855954257648e+02,2.330699013031172058e+02,2.656278759239216356e+02,2.462748721073757565e+02,2.295163050571915164e+02,2.409856002571070235e+02,2.611759767612272185e+02,2.681124866973202643e+02,2.627949006120996955e+02,2.543587456151304025e+02,2.682421301929950346e+02,2.872729417576257447e+02,2.905623725796623376e+02,2.876426376076703946e+02,2.682792587983290673e+02,2.476494546776449113e+02,2.607431576033926603e+02,2.753243474261266783e+02,2.746787335168577897e+02,2.633125385322585430e+02,2.684592267335983138e+02,2.740319965733803542e+02,2.720739184090010099e+02,2.508297300605866269e+02,2.327027536113300528e+02,2.281044817624149346e+02,2.194122251360375344e+02,2.190888864056275906e+02,2.335455972583889377e+02,2.403629840602029333e+02,2.366385163851597611e+02,2.317273379081388782e+02,2.389949590040758949e+02,2.255320727940529366e+02,2.296387868540024044e+02,2.395799490835582333e+02,2.424332965967898019e+02,2.514923550832293699e+02,2.279051440825020336e+02,2.208177922337494579e+02,2.366894571358855615e+02,2.390932126807971656e+02,2.241299050722203390e+02,2.264790654212712582e+02,2.622971202291745385e+02,2.645302737204268055e+02,2.560926188483127248e+02,2.511943543552048368e+02,2.582595336080917718e+02,2.435723393039397990e+02,2.236574217509861455e+02,2.293663224292979521e+02,2.468249981974711034e+02,2.435390118798728736e+02,2.200511487026743112e+02,2.161734916410929372e+02,2.507683600820843139e+02,2.606150036510377390e+02,2.328436120509402087e+02,2.033853470593828661e+02,1.966539193899427858e+02,2.129653175343266867e+02,2.234811761919808077e+02,2.121099242256770481e+02,1.938016009784315941e+02,1.934163804659439734e+02,1.981509708534150036e+02,2.000739158433585203e+02,2.023834212831506534e+02,2.073015562401162697e+02,1.904559763998933022e+02,1.861032357280141696e+02,1.936459849005459262e+02,1.959038020466232410e+02,1.916545578720817389e+02,1.856462003102719791e+02,1.999885517612252102e+02,1.787334202327726018e+02,1.791252614185659127e+02,1.856322388088966875e+02,1.921050752131228592e+02,2.075534681427872101e+02,1.798256617815103482e+02,1.800960962923778368e+02,1.998485189586753847e+02,2.000765037854978061e+02,2.004966724870250800e+02,1.933526698110934205e+02,1.997311750940575621e+02,2.026042682977284528e+02,2.004089948541103752e+02,1.823786703342870226e+02,1.376548437563766925e+02,1.401433140105959581e+02,1.524101344910217506e+02,1.449185177785088854e+02,1.592254282010514146e+02,2.052500968383206157e+02,2.060347906391422157e+02,1.973594193891925386e+02,1.960829205216294326e+02,1.954105586957440437e+02,1.871233579469059123e+02,1.869874180733453386e+02,1.843507442919895993e+02,1.819086828545194408e+02,1.779750923776736045e+02,1.718979035229461090e+02,1.774127411008874731e+02,2.061053118670115509e+02,2.124298352500810552e+02,1.708565398478644113e+02,1.771068151869274061e+02,2.103517814264973822e+02,1.905355585521500643e+02,1.918966963447102501e+02,1.972816184225257530e+02,1.842220666673569553e+02,1.924167762629909646e+02,2.054726940266957911e+02,2.258457872835331841e+02,2.026310621718470486e+02,2.104935347416407581e+02,2.274498123182741267e+02,2.264287049469253645e+02,2.115657247849921134e+02,2.112571202679431224e+02,2.101600385084921072e+02,2.192476870836711669e+02,2.048163069183317475e+02,1.673844647582234302e+02,1.620765903459662809e+02,1.786269446658809272e+02,1.926558949502107509e+02,1.883903073959533572e+02,1.806414448161385735e+02,1.810310377347293809e+02,2.037593784717283256e+02,2.189042492459238929e+02,2.100511829084126134e+02,1.944615529358049457e+02
1.833018401421820727e+02,1.746156683941771064e+02,1.842672764820581790e+02,1.890942261668795368e+02,1.836101207069542340e+02,1.704637909473391915e+02,1.578635188422356919e+02,1.601337369875153911e+02,1.784496746323671914e+02,1.977560021549026601e+02,1.952606694215834580e+02,1.860958546200325827e+02,1.741686893195254697e+02,1.684293359504018497e+02,1.848483072023189209e+02,1.800504234677813997e+02,1.788969626965200064e+02,1.867939590605417379e+02,2.115056040480697561e+02,2.038739039574486469e+02,2.078830659158364256e+02,1.964537933570447308e+02,2.046664640647505848e+02,2.033709304450795514e+02,2.166154620415198906e+02,2.213632228794873242e+02,2.360432176525571890e+02,2.549493250236685071e+02,2.406091548813865586e+02,2.369676801156893475e+02,2.347262892185164560e+02,2.409687677966652188e+02,2.418509016159183034e+02,2.349649449011249374e+02,2.379778839335514533e+02,2.400360223917413407e+02,2.465202371150137424e+02,2.724736680616278477e+02,2.708259240921627224e+02,2.599225530589895925e+02,2.639020715440418599e+02,2.528887839894979663e+02,2.521715200071986374e+02,2.675171056110960421e+02,2.725061548919280767e+02,2.875928914567755896e+02,2.802445086081510794e+02,2.673726953978389247e+02,2.630004619996482234e+02,2.620264678692790312e+02,2.607868567057366818e+02,2.621479004723678372e+02,2.636932436290467763e+02,2.660833962618178248e+02,2.640369045195918147e+02,2.272634015250805817e+02,2.182312533769642755e+02,2.022384687628035920e+02,1.616051104411804431e+02,1.364596534053643779e+02,1.254736125292717759e+02,1.277187922171200682e+02,1.296335200885940253e+02,1.364874923670954274e+02,1.437305404781384368e+02,1.571099814328175057e+02,1.701287259825830347e+02,1.774588260416864500e+02,1.860893920041534670e+02,1.844758974445104514e+02,1.950347873306682800e+02,1.964498240234281923e+02,1.881882272765922721e+02,1.965838469518358238e+02,2.019530048582978452e+02,2.007080316785966829e+02,1.984800898584246625e+02,2.088183289208956239e+02,2.099527073054316020e+02,2.198122320302381922e+02,2.294879517433125216e+02,2.272132575686845541e+02,2.265588240616328903e+02,2.267966551544570848e+02,2.281366781887596176e+02,2.423712698843294788e+02,2.556314251329775402e+02,2.619042265313135545e+02,2.518400634461310688e+02,2.490135427205163126e+02,2.663455231541828994e+02,2.683499581719093499e+02,2.600851922909922109e+02,2.543169832764859279e+02,2.900517563150847309e+02,3.025815010842840138e+02,2.689748498392898455e+02,2.494845772786969178e+02,1.920093483196716022e+02,1.636325025235051953e+02,1.673125502513030369e+02,1.751021535163490626e+02,1.795911745223876324e+02,2.112658157081660306e+02,1.857709454017774533e+02,1.667529229044366446e+02,1.660955294080567626e+02,1.727969916495673317e+02,1.905440603358746330e+02,1.896472370935251206e+02,1.902851759304765551e+02,2.036123958959265394e+02,1.968243705801027659e+02,1.846092166881463754e+02,1.746262610575306553e+02,1.839830923825812761e+02,1.920547996259461740e+02,1.915790763808943495e+02,2.081835724064650890e+02,2.316266474039302352e+02,2.388733480339723769e+02,2.203089714182624448e+02,2.241592876619907315e+02,2.165039641335139322e+02,2.040880595077169346e+02,1.942902845602982893e+02,2.015715850964331821e+02,2.114392956213625325e+02,2.273484526571501192e+02,2.171008740966312303e+02,2.218385913437440422e+02,2.188944642163220351e+02,2.183971995081398063e+02,1.818123940326466084e+02,1.609718832254981180e+02,1.787356466835298079e+02,2.209652428313391965e+02,2.225635054261884989e+02,2.060682386030305508e+02,1.842209919171387185e+02,1.736511303442454448e+02,1.732568017679094226e+02,1.666184738411938042e+02,1.677799443478281773e+02,1.867264730024533606e+02,1.649672211519207963e+02,1.516755636201670825e+02,1.562390790265918668e+02,1.692193731960084051e+02,1.806301492388622307e+02,1.622031442052660850e+02,1.596655630313763083e+02,1.593104106136800624e+02,1.373030909636766523e+02,1.392976706637807638e+02,1.615138796988568402e+02,1.468812495779657183e+02,1.267554423605114238e+02,1.369739353347779058e+02,1.178411505031279773e+02,1.115004568348623195e+02,1.272644408403553911e+02,1.273976981865672116e+02,1.395007629680275443e+02,1.514037697445001811e+02,1.678360600451536015e+02,1.477703744512546677e+02,1.054696000553258557e+02,8.870952220825739687e+01,1.030063135622062447e+02,1.362878425270731952e+02,1.442379527459593760e+02,1.629218893221814710e+02,1.789377439495264923e+02,1.658487069956115079e+02,1.734688778641130398e+02,1.793532062351328022e+02,1.980886214650996067e+02,1.927539116301629747e+02,1.709493390874073384e+02,1.635894181301919161e+02,1.554394209402780405e+02,1.490894517194219020e+02,1.598242560677859387e+02,1.948721505215555396e+02,1.980941847716839561e+02,1.634199508658869320e+02,1.588289911797434115e+02,1.803213461324917262e+02,1.752826918527445628e+02,1.706523632836320701e+02,1.794410951918414412e+02,1.818572121796469219e+02,1.818405948880181029e+02,1.846997204946514444e+02,1.978792140173088114e+02,1.843255430766545828e+02,1.827739266039648669e+02,1.929371966081750145e+02,1.898620458426380821e+02,1.912525438119888292e+02,2.043527248253358550e+02,1.896283405428126514e+02,1.971515803400880031e+02,1.792479173680002873e+02,1.503521286836362378e+02,1.396326583669317927e+02,1.554624717982724178e+02,1.796189609982646118e+02,1.759802397779029093e+02,1.920296264196904588e+02,1.852386843956521716e+02,2.000759534309327705e+02,2.086557910393087241e+02,1.908539521273919206e+02,1.752481050289496523e+02
1.812396769101505924e+02,1.782295980977849013e+02,1.923973448774863755e+02,1.906481449761131444e+02,1.858195602755036475e+02,2.084339099427990618e+02,1.938683468283085745e+02,1.880546302205792415e+02,1.969950123290877855e+02,1.943137501683878270e+02,1.895015111395151166e+02,1.801026441143429793e+02,1.836265524462612859e+02,1.884336491285133661e+02,1.956627038393924636e+02,1.840509537522985966e+02,1.758145681220541974e+02,1.885031599011774972e+02,2.281729770497898073e+02,2.262524295076256351e+02,2.120741250712947874e+02,1.938496195920629930e+02,1.977109351211506691e+02,2.013995137097958263e+02,1.977503729505641843e+02,1.837455264526706742e+02,1.896966044262457558e+02,1.937891549947946146e+02,1.849655827341503596e+02,1.983871796028278709e+02,2.108102694781024127e+02,2.164982150111267742e+02,1.985929370792371742e+02,1.804016526303705916e+02,1.869515921191919006e+02,2.142929936471609835e+02,2.200172565690623969e+02,1.986973680694333382e+02,1.973346787769721686e+02,2.107871282786201164e+02,2.058441249549351255e+02,1.877081132642060481e+02,1.873927607755301779e+02,2.110723792750228540e+02,2.109445651872280791e+02,2.012513240306353168e+02,1.906017836852911671e+02,1.824919108057201527e+02,1.909459511521064599e+02,2.022027340985759167e+02,2.145285415966515643e+02,2.128178430766847384e+02,2.288066318622658173e+02,2.260367090647029045e+02,2.104087552142341906e+02,2.077091470455375770e+02,2.069124077085193392e+02,1.921210795343310167e+02,1.691896664845586997e+02,1.351517952613278908e+02,1.143655767034065178e+02,1.283367495469533992e+02,1.427845764999011919e+02,1.382830892016881990e+02,1.377392334284120636e+02,1.666498613484334044e+02,1.633639011801495826e+02,1.681960519067108066e+02,1.693661657303376842e+02,1.735654216799734684e+02,1.659806062584229664e+02,1.732900775635384889e+02,1.772084155771708822e+02,1.878472123934508602e+02,1.976747167002198751e+02,2.076188792375842240e+02,1.926633294871629971e+02,1.926321819108506475e+02,1.922261194654259668e+02,1.905608554394223120e+02,1.989612912240704077e+02,2.035140164184971070e+02,2.180561658958118301e+02,2.057469747908758109e+02,2.145706211776258101e+02,2.183678050915570452e+02,2.119940863982372434e+02,2.205142423670427263e+02,2.218104413781563267e+02,2.212017872912515486e+02,2.319620387900359901e+02,2.444460704873793020e+02,2.550993569661727634e+02,2.328263664375957376e+02,2.285077133953992927e+02,2.412197632111004566e+02,2.617944664071081320e+02,2.422729587861461198e+02,2.052849727716453856e+02,1.798614997235597741e+02,1.753076963864758682e+02,1.798941606732647642e+02,1.887973623096387428e+02,2.258585711346406129e+02,1.963256089532243891e+02,1.797752309825220607e+02,1.705616906850220005e+02,1.727223809331732696e+02,1.792430196735968195e+02,1.920726796890540413e+02,1.961533845229565713e+02,2.041174101630233224e+02,2.153272462271788186e+02,2.124109425921329830e+02,1.976690420363971441e+02,1.922389705372599167e+02,2.048031121830706525e+02,2.187936488718067665e+02,2.206142468127906966e+02,2.387645015151309167e+02,2.450078385946972901e+02,2.188823186804332011e+02,1.859717560078667304e+02,1.666361203796423069e+02,1.681202306478453465e+02,1.901188386292697601e+02,2.031288556235666363e+02,2.043831442201260415e+02,2.153368574838015945e+02,2.152508516868135189e+02,2.212354783788545092e+02,2.133620281959760234e+02,2.144590847884717562e+02,1.745451930868380828e+02,1.631718569314247134e+02,1.787156768714611985e+02,2.125958425282599933e+02,2.148780217402294852e+02,2.053095973697917316e+02,2.139378928831159499e+02,2.032373253268909821e+02,1.816824502756158779e+02,1.672767604546123437e+02,1.625561309136243722e+02,1.700744466665441905e+02,1.659021909016596226e+02,1.798044126046777080e+02,1.702551924254231608e+02,1.637174192974621860e+02,1.692275770601217175e+02,1.686433004786689196e+02,1.678508042459138778e+02,1.559434370467613178e+02,1.513808713770845884e+02,1.467620497646391300e+02,1.624619415538676890e+02,1.503199009130531181e+02,1.415933228586405619e+02,1.540480934772793091e+02,1.229627790091945769e+02,1.137827668346699284e+02,1.324154449871754764e+02,1.448752616519070386e+02,1.491743194158489985e+02,1.667146535812767354e+02,2.040316917253139763e+02,1.637521266302616141e+02,1.206744234144336190e+02,1.046669533824448877e+02,1.228579467823155653e+02,1.419671814241689844e+02,1.441366825052243712e+02,1.633889460984958077e+02,1.878599368773446372e+02,1.891666729184076132e+02,1.856536694991111176e+02,2.002382507660746569e+02,2.075155436881757680e+02,1.932299697888684591e+02,1.858628642690293873e+02,1.773237041856294525e+02,1.751629226580666341e+02,1.711153668342349761e+02,1.948719014279104726e+02,2.061211249709774620e+02,2.030749555147066019e+02,1.834050478935846797e+02,1.658750735690011311e+02,1.826241778212171880e+02,1.897558066316259726e+02,1.863008783600743641e+02,1.982322036168566228e+02,2.136629380509955922e+02,1.951844292575676434e+02,1.973826093094717464e+02,2.027902021819691640e+02,1.862912954308632436e+02,1.516058287197284358e+02,1.409598987479467951e+02,1.648064006915984692e+02,1.947765616017559012e+02,1.936621430307558001e+02,1.943800139457057128e+02,2.025295966136052357e+02,2.126129863806544051e+02,2.026626488150160412e+02,1.793906771595364376e+02,1.795172724821981092e+02,1.914524114788606539e+02,1.897777573653416709e+02,2.095108707743264631e+02,2.079987513595394830e+02,2.083112971534242774e+02,2.092194542592163486e+02,2.024646559782840995e+02,1.791796358515577765e+02
2.213156279971129834e+02,2.204747298911965459e+02,2.524864948039974593e+02,2.441639375298167352e+02,2.400909512841236904e+02,2.432799566357285812e+02,2.324536965334255854e+02,2.377139557554311011e+02,2.390403826914062506e+02,2.327289865701161489e+02,2.304962711899691783e+02,2.458829249204334246e+02,2.458817674573865872e+02,2.524740461999104468e+02,2.490820570462328760e+02,2.338701703699638301e+02,2.231371478784202793e+02,2.228976986896298911e+02,1.906585172818967067e+02,1.507212893082345317e+02,1.415841821909235421e+02,1.390672238008980912e+02,1.377178064242807238e+02,1.432531542026968623e+02,1.332421302381565908e+02,1.344323995434762651e+02,1.196277145672694076e+02,1.120022279278652775e+02,1.315192965307664679e+02,1.615463283606406435e+02,1.713361752378152119e+02,1.429748457828262076e+02,1.318760764706811983e+02,1.419336700590744158e+02,1.398578641801163940e+02,1.361218801147265367e+02,1.250151243247112802e+02,1.369807499735729550e+02,1.478722153355908802e+02,1.362736671952060590e+02,1.378441435800325792e+02,1.337342511056099283e+02,1.446802756937316303e+02,1.745572752320705945e+02,1.552811361266714414e+02,1.278788845407004828e+02,1.289483172348101050e+02,1.443915348341579090e+02,1.279452980907653057e+02,1.351490325425027095e+02,1.469184625416040149e+02,1.497651912165715089e+02,1.570935720187956690e+02,1.473083353938715447e+02,1.371138644317412627e+02,1.634172285119053925e+02,1.820055165069315706e+02,1.778361690440308962e+02,1.436899254394025434e+02,1.392590742665938990e+02,1.325939547489440713e+02,1.193277848428498231e+02,1.314559213377745834e+02,1.496156626346790972e+02,1.241282040717820507e+02,1.224821453886486182e+02,1.334775403665281033e+02,1.244336465244894043e+02,1.345340395760617014e+02,1.376402933734063936e+02,1.430946754612792802e+02,1.485744323896925323e+02,1.727572721364244615e+02,1.614361066726387435e+02,1.518192260963469096e+02,1.582521479915696148e+02,1.620003770309938318e+02,1.526747120660858457e+02,1.472545090487181767e+02,1.548679923661778162e+02,1.522030434998875137e+02,1.775260870691641060e+02,1.820008314106535181e+02,1.649927927512326278e+02,1.619805022830215933e+02,1.686671869279831810e+02,1.708053382046646504e+02,1.772764439298118475e+02,1.887231996163384338e+02,1.721892985187653267e+02,1.662627850044047193e+02,1.735775925212176674e+02,1.927837496161890840e+02,2.005282923970304694e+02,2.033578734675271562e+02,1.992751901061874378e+02,2.048701339139817605e+02,2.196364795465000270e+02,2.170827553299940291e+02,2.168301334458588201e+02,2.013672966719986448e+02,1.888600850138148246e+02,1.811665493011959427e+02,1.720457961557700912e+02,1.724000416526872073e+02,1.858897725970006718e+02,1.907034310921201268e+02,1.936413577052228732e+02,2.076292470835975621e+02,2.078919885945791748e+02,1.992826816575401097e+02,2.057018194044656525e+02,2.183561077397587837e+02,2.199450524397335585e+02,2.397257152012295762e+02,2.487556670493132458e+02,2.331275296731052435e+02,2.332572290141157509e+02,2.345609988651944207e+02,2.266989249489245140e+02,2.341701257919962131e+02,2.487719045729599827e+02,2.075492243850587499e+02,1.888989862558812263e+02,1.909736488150980165e+02,2.050329113486250208e+02,2.413054788086665781e+02,2.332856622645610969e+02,2.339079539046891796e+02,2.328410218439278765e+02,2.371008768356691974e+02,2.239780353930069623e+02,2.351429272403601658e+02,2.056231567893194665e+02,1.900755619726112400e+02,2.055330803526591410e+02,2.251126898568417687e+02,2.228574994344122331e+02,2.110399399445729216e+02,2.153356992556483362e+02,2.233512431813156240e+02,2.386705541635932946e+02,2.194416743948590067e+02,2.092806183773878956e+02,2.075718340774968738e+02,2.203779264629839645e+02,2.254271160391737112e+02,2.382341142549969675e+02,2.383177843090560373e+02,2.210973388998444875e+02,2.265464587933208804e+02,2.108613711436646270e+02,2.044713387384382770e+02,2.022310914749091637e+02,1.999427538063932843e+02,2.073126954850889661e+02,1.963566323585967268e+02,1.958880384818650668e+02,2.041226223958103958e+02,1.994873068132817480e+02,2.113548594893994164e+02,2.164067937601879521e+02,2.088753415019550914e+02,2.142118407277859546e+02,2.147718710366138737e+02,2.074934647149776197e+02,1.955104033772799426e+02,1.854151669878467033e+02,1.847897630493014560e+02,1.762144053079820196e+02,1.818174546138608605e+02,1.632817534811509290e+02,1.632582161995613887e+02,2.072103747249161927e+02,1.906122036908530504e+02,1.890366774629724773e+02,1.861934819595178112e+02,1.968888045298614884e+02,1.966415168858425204e+02,2.028561067674723972e+02,1.886002017216498530e+02,1.663718394444035198e+02,1.607222520228847031e+02,1.832596395902606901e+02,1.891761975436574232e+02,1.851195545602006973e+02,1.718165499371453677e+02,1.841149489768447438e+02,2.336742074748599407e+02,2.099144891689615235e+02,1.877181646311020984e+02,1.863476046191828175e+02,1.911876771920496196e+02,1.774604306328044743e+02,1.726108891687269704e+02,1.611983675361963719e+02,1.392606468337164074e+02,1.004758076886442097e+02,9.453013345727211458e+01,1.287970611688424469e+02,1.697842204525578609e+02,1.522639520942186380e+02,1.531510343605276319e+02,1.583721924783142754e+02,1.543650966619139808e+02,1.460253011839849080e+02,1.454375441340532689e+02,1.545046750825590038e+02,1.488090161389992829e+02,1.508716926683511872e+02,1.604678279306119748e+02,1.561623650609359970e+02,1.654163604867715094e+02,1.788689406215127633e+02,1.818643822883684891e+02,1.967289830199094922e+02
2.232356353782441829e+02,2.269139343485315123e+02,2.487101012024929503e+02,2.520206893099434637e+02,2.443589963208078473e+02,2.410157739517919140e+02,2.430310860742275736e+02,2.372095983025938608e+02,2.518197441198047954e+02,2.559627160491704387e+02,2.600070136298210173e+02,2.500505007559729904e+02,2.483487046423980473e+02,2.675533738760939855e+02,2.609534152965483713e+02,2.516124932832615571e+02,2.407988580545352590e+02,2.463902055096785091e+02,1.919858613250193571e+02,1.474888853374349935e+02,1.250576805929905220e+02,1.219854683742310897e+02,1.257058479888784319e+02,1.356348696749650173e+02,1.298533370182037174e+02,1.316807554978933581e+02,1.273559352091956498e+02,1.154583857147321879e+02,1.267645765759007048e+02,1.502336555509166942e+02,1.666043714972916518e+02,1.486631461149566178e+02,1.388772094090042799e+02,1.454478408805310892e+02,1.420393729412771791e+02,1.188979286110025271e+02,1.109572162684200833e+02,1.316572026307279941e+02,1.438765261373674775e+02,1.446093354242530040e+02,1.328910081921207791e+02,1.253835924076446418e+02,1.486937551377237128e+02,1.895848917513533252e+02,1.493594674245483986e+02,1.147471844142880713e+02,1.141585244457954218e+02,1.337572707235448490e+02,1.228308181639782504e+02,1.229056740949151987e+02,1.388084142103462852e+02,1.427017776828309366e+02,1.439630674989249712e+02,1.450218955368386275e+02,1.394587644955137762e+02,1.715912353337006095e+02,1.870181693665026046e+02,1.798653249555668481e+02,1.478622873425627233e+02,1.339453729009167944e+02,1.246858913613982196e+02,1.202083643660115513e+02,1.230729663499913045e+02,1.405914923661889588e+02,1.348478883783293441e+02,1.181143295033413239e+02,1.265570560722083968e+02,1.255794134911469087e+02,1.335709521032626128e+02,1.417463838449482694e+02,1.413590688499405985e+02,1.354755474954855003e+02,1.517252387507014078e+02,1.570515601215633410e+02,1.457099671210619363e+02,1.518106831608797052e+02,1.520194679131071496e+02,1.351060815190629398e+02,1.404016722023646082e+02,1.430646121569833156e+02,1.362123929535630111e+02,1.565701586958609539e+02,1.768410918367350178e+02,1.626233466565708454e+02,1.548279680129104463e+02,1.505512340508221314e+02,1.638633394503863201e+02,1.711849345841444858e+02,1.669408260435652096e+02,1.601370887963938685e+02,1.716694336849292597e+02,1.828711594428000069e+02,1.898360961993409717e+02,2.067058222746065326e+02,2.108801266636864113e+02,1.814115323095147687e+02,1.815240068178467823e+02,2.185100533165374088e+02,2.215388263633043664e+02,2.090102474840539060e+02,2.028932954489785061e+02,1.853721442035170526e+02,1.764965384492032285e+02,1.653922681916756119e+02,1.703143910997060857e+02,1.839333374383308808e+02,1.817077168641774279e+02,1.862866143336676714e+02,2.045429982981325168e+02,2.030705567228488633e+02,1.939106926103004866e+02,2.008270169994145817e+02,2.154094436385938423e+02,2.285773095282842178e+02,2.502492438579510008e+02,2.294278657773737393e+02,2.221869275996173485e+02,2.279743141929133685e+02,2.354430211765056242e+02,2.237682684575043481e+02,2.290800778448160315e+02,2.305552290123291925e+02,2.181949514922320361e+02,2.182475033631880308e+02,2.262848043435661793e+02,2.523724052267608329e+02,2.813380672877411257e+02,2.823642242496935637e+02,2.621498003143215101e+02,2.411813435235514476e+02,2.407733084087636541e+02,2.379817855431606120e+02,2.432316840320534652e+02,2.517028052666041731e+02,2.300082861160560412e+02,2.220287842394997995e+02,2.290140829927132984e+02,2.381499037428035308e+02,2.301710527880060226e+02,2.372117251091377454e+02,2.277673202924926841e+02,2.247714942350428942e+02,2.206420372563496812e+02,2.304263983232595194e+02,2.349508955333790254e+02,2.305810788769299222e+02,2.291000856561641967e+02,2.408177302868377865e+02,2.448273410113022805e+02,2.409287311668765312e+02,2.433745641551401206e+02,2.479073392320382254e+02,2.198507063286365337e+02,1.935142799400870501e+02,1.825851581263908656e+02,1.866114766440724111e+02,2.023399746242942854e+02,2.023402873308766345e+02,2.167301678466320425e+02,2.144046756767243949e+02,2.026952383684040058e+02,2.082673929816301666e+02,2.291213645036168032e+02,2.407725839700839856e+02,2.275161925025226992e+02,2.136021020330509828e+02,1.998762332731846527e+02,1.912998217663745493e+02,1.801487053362125721e+02,1.691744809307998025e+02,1.673089009773264593e+02,1.565558920670140708e+02,1.605011200283021253e+02,1.883218896990803159e+02,1.917839652043745673e+02,1.871483281373020588e+02,1.857558548370550113e+02,2.048374715535172754e+02,2.306719332032062368e+02,2.416973043013144604e+02,2.017109377323535568e+02,1.735823317528367227e+02,1.657278598807387766e+02,1.789409501842600605e+02,1.685102603877533056e+02,1.607222752153463716e+02,1.659627384346766235e+02,1.768519188544753717e+02,1.970616613737494163e+02,1.966014106498425349e+02,1.935126040676919104e+02,2.026323835131108240e+02,1.803917362398456135e+02,1.864697928515525120e+02,2.111423809169340871e+02,1.811344875539278405e+02,1.377880936539554000e+02,1.157509519728754981e+02,1.217367053039476730e+02,1.503291722973816888e+02,1.832499496942564008e+02,1.862082683310180755e+02,1.752547462830646339e+02,1.716959182914123971e+02,1.756937537747708120e+02,1.566039282682090743e+02,1.484179432310008053e+02,1.588707723155877147e+02,1.658687136268863753e+02,1.806316014333000339e+02,1.717368313646275908e+02,1.499805097966213339e+02,1.546752706924968379e+02,1.674218525467910013e+02,1.756097895532690245e+02,1.732297513088166738e+02
1.997959233172842630e+02,1.988053053448891774e+02,2.107860902026299925e+02,2.280218163949658674e+02,2.358530721223157798e+02,2.384599893656695713e+02,2.316605640344728272e+02,2.417378069462014594e+02,2.502375645724921185e+02,2.241413418495437782e+02,2.204280181491560597e+02,2.422270576986369122e+02,2.354731499861613315e+02,2.474710007412145956e+02,2.515795625307938508e+02,2.540953873623388120e+02,2.469331621904698011e+02,2.361603521672967645e+02,1.813747310688579546e+02,1.652760556640260745e+02,1.478839294349910176e+02,1.394605002151172641e+02,1.328391532710924707e+02,1.395479752511871538e+02,1.642952804519871677e+02,1.676072643952729209e+02,1.706993389545088462e+02,1.836009291098240510e+02,1.819864097314182629e+02,1.633484808868952882e+02,1.335019564342414924e+02,1.299440926334776236e+02,1.503269922560475607e+02,1.483233040620266934e+02,1.512924005372213401e+02,1.708935070618413192e+02,1.837015128221412965e+02,1.806982984261690319e+02,1.528429484409479358e+02,1.368287021473819891e+02,1.222223860503487458e+02,1.290109506254115672e+02,1.464784124199497057e+02,1.524192741248711513e+02,1.556433721811952466e+02,1.526426360193259484e+02,1.629098218398164022e+02,1.811555701412582380e+02,1.681553801534091974e+02,1.447971291806145473e+02,1.352621075823432477e+02,1.401441835188637128e+02,1.525210084589630242e+02,1.662968501756746491e+02,1.675736592561950715e+02,1.786128134580296773e+02,1.991922319152440934e+02,2.187588991864987520e+02,2.173473930345642202e+02,1.894654943000229537e+02,1.572103915628494519e+02,1.591695920258208616e+02,1.724160098445514393e+02,1.866810534771000789e+02,2.113363874704038778e+02,1.987866450142486769e+02,1.821845757927555383e+02,1.908997264768505318e+02,1.832806409753368087e+02,1.864091234952231844e+02,1.990339522881534435e+02,2.059458985651614000e+02,2.101756266481322655e+02,2.062996352955866541e+02,2.058843581626065600e+02,1.918777073854568016e+02,1.970606440193960793e+02,1.978968442345996834e+02,2.014457500807577617e+02,2.035260818838698356e+02,2.014939860570886196e+02,2.181749548228077629e+02,2.428063269698205318e+02,2.379226486119216304e+02,2.070454442742590118e+02,2.012506608216557993e+02,2.146689634496700876e+02,2.444088883836195407e+02,2.360155460309149191e+02,2.390140383934663362e+02,2.647925584799819489e+02,2.461250300396903299e+02,2.541856325665552845e+02,2.438103063143873896e+02,2.457351557701793752e+02,2.351470831945268856e+02,2.332387981089907498e+02,2.513033024336000096e+02,2.469858880091571507e+02,2.339221208388980813e+02,2.355706211608305125e+02,2.442522281559098474e+02,2.322831432505482212e+02,2.445300334750983495e+02,2.605297281084684755e+02,2.252537783384079830e+02,2.314514095494628805e+02,2.484897697127197489e+02,2.470890363339493376e+02,2.567699053426841260e+02,2.623800086714786062e+02,2.494012128090336091e+02,2.423529100590070584e+02,2.482676462740366503e+02,2.652293566632855573e+02,2.761860524894540845e+02,2.472316326143105414e+02,2.492288297273278772e+02,2.497537462448252654e+02,2.463011425821979969e+02,2.342032796320180807e+02,2.340887181420260958e+02,2.351776134766355995e+02,2.526330741712429528e+02,2.612774038998467176e+02,2.548957208074968719e+02,2.467744371335393510e+02,2.399886652952428676e+02,2.396174931840754141e+02,2.394019356239717240e+02,2.383920556846661611e+02,2.375926595834170598e+02,2.366528453631452180e+02,2.305068454601981500e+02,2.235465342023163373e+02,2.200265507702533228e+02,2.281713879615158476e+02,2.368816668426626961e+02,2.256737538521448414e+02,2.342262636123224695e+02,2.486832963496696323e+02,2.337880266771991558e+02,2.250965697086127477e+02,2.375291382697981248e+02,2.314072895029371750e+02,2.119396577554724672e+02,2.131526343881821219e+02,2.150456525829440295e+02,2.160594598273515885e+02,2.181722267797517532e+02,2.298646976887582412e+02,2.400117243063847354e+02,2.244606688469616529e+02,2.278334639741386525e+02,2.280248431638605098e+02,2.293199252113016655e+02,2.375531932731559834e+02,2.302433466421896640e+02,2.031164781652096281e+02,1.982959535543479888e+02,2.037915990755002156e+02,2.138632579767382254e+02,2.196671482527118542e+02,2.407957274391524720e+02,2.282871188550703039e+02,2.107912882404703794e+02,2.081932474147069172e+02,2.073068951907523001e+02,1.969719443252762971e+02,1.991956469311435285e+02,2.273718434951995278e+02,2.319449932101632328e+02,2.077072279135915949e+02,2.105841513146749833e+02,2.180917442175484098e+02,2.192776290465946829e+02,2.154636659088911301e+02,2.303093201650293622e+02,2.408590504490124999e+02,2.357888043153303670e+02,2.232653886829482985e+02,2.183601379491525734e+02,2.282001762668817832e+02,2.160257354484629673e+02,1.791071135598833166e+02,1.764337035047444715e+02,1.918418167370976448e+02,2.147726496739782078e+02,2.232285304366589003e+02,2.158411734424336998e+02,2.077972669562255987e+02,2.131938494480988879e+02,2.131929021475127399e+02,2.255014918735449783e+02,2.374224513590855850e+02,2.119277774314176668e+02,2.094802217015073893e+02,2.203320030701165706e+02,2.260220684108312525e+02,2.322433148085312666e+02,2.196708181313807131e+02,2.292402086204510567e+02,2.305277298737443914e+02,2.383683420136733560e+02,2.466926169263521160e+02,2.341931898197096302e+02,2.292536004910567158e+02,2.298534418242178958e+02,2.395691069818300605e+02,2.115272276802917872e+02,1.985653837632085015e+02,2.051531319571014649e+02,2.096295446550447252e+02,2.148739762798620347e+02,2.052397751133780730e+02,1.982364055879980071e+02
1.760828943797274064e+02,1.771165330499126753e+02,1.906289459474706689e+02,2.015207118359748506e+02,2.191369222511061707e+02,2.402325819816375088e+02,2.279394071390811973e+02,2.265893983967586109e+02,2.313215112571541283e+02,2.165946931231959240e+02,2.097756815218963027e+02,2.191510451174016509e+02,2.200451726885279413e+02,2.274925558611738836e+02,2.294384878078400902e+02,2.398826358051076966e+02,2.197677486193344123e+02,1.822949889736631803e+02,1.766765614168118930e+02,1.716923323512668276e+02,1.561246693154413379e+02,1.654243451325657190e+02,1.884314714315386823e+02,1.757084739043066861e+02,1.926247031859812182e+02,2.141816011162765676e+02,2.264874458044606627e+02,2.100687326212444646e+02,2.109585838690815933e+02,1.843291207703686894e+02,1.509908769625655225e+02,1.482590773088509479e+02,1.625810502183626625e+02,1.657363830649934755e+02,1.639288170712623298e+02,1.800536249179687616e+02,2.289347271576502862e+02,2.068166642631474019e+02,1.585779997832792674e+02,1.384013782265674877e+02,1.319533753418463675e+02,1.395644444470195822e+02,1.601975637146199460e+02,1.704968350189800503e+02,1.684822588006042849e+02,1.658945188690412351e+02,1.808969918897352613e+02,2.108093770122861486e+02,1.940611859486204480e+02,1.763629226304134079e+02,1.516268316798933142e+02,1.515388903045184179e+02,1.639783574858637678e+02,1.806855737106373283e+02,1.778183797660623782e+02,1.946400376238535159e+02,2.140869138641134271e+02,2.308759564548949470e+02,2.201919641021563052e+02,2.203375245905929205e+02,2.478082379175670269e+02,2.212578690305145699e+02,2.194556043265497181e+02,2.351299267380566107e+02,2.512435469939701704e+02,2.391002524862469727e+02,2.334561416965955232e+02,2.344556573861815707e+02,2.186005783061945635e+02,2.245281668562309392e+02,2.325347062497338015e+02,2.348681450804522228e+02,2.488205518398448817e+02,2.553655606473786008e+02,2.624599702575828815e+02,2.519291852747547296e+02,2.443322358834477654e+02,2.409494449260396038e+02,2.449313453209057627e+02,2.400296390300078144e+02,2.576614291956338434e+02,2.618318294756218165e+02,2.696538240101689894e+02,2.575586223717381813e+02,2.484197698305619610e+02,2.591785351220718780e+02,2.606619601580371182e+02,2.626568960732918185e+02,2.783483706756624656e+02,2.817657408548103604e+02,2.739221430898774088e+02,2.637765253574629583e+02,2.670976740571529717e+02,2.685114129941351848e+02,2.804723054397823034e+02,2.837183541924661085e+02,2.673803246150301334e+02,2.689333565099274779e+02,2.633812571502670608e+02,2.388300224662137907e+02,2.448376689141732072e+02,2.565624545758042814e+02,2.487724158279228277e+02,2.513824906454390486e+02,2.586730033719283028e+02,2.345203182841176783e+02,2.502871296617033749e+02,2.609033886998687422e+02,2.488234160975329132e+02,2.531217558066356901e+02,2.601832383354112039e+02,2.486963227377194130e+02,2.517292345778865297e+02,2.437638577149349430e+02,2.528881930587405122e+02,2.673173418145718188e+02,2.544925413611514387e+02,2.425140095948652288e+02,2.474087884721365640e+02,2.428538933043291763e+02,2.284634196729160180e+02,2.280493211202323778e+02,2.357704407422509973e+02,2.469296870316394745e+02,2.512159305193173395e+02,2.465738882300349246e+02,2.437759913519313955e+02,2.372708823691115185e+02,2.367001808532481846e+02,2.227070258423487701e+02,2.148924959665254732e+02,2.333299410142422801e+02,2.327734955331918343e+02,2.108888010222917728e+02,2.049739271699639289e+02,2.034071132554871042e+02,2.084933918772865695e+02,2.319299341324865509e+02,2.256832303393294410e+02,2.279890413126140061e+02,2.612776432677122784e+02,2.437022111337435319e+02,2.355206597934275692e+02,2.374820213391204220e+02,2.294254981971239999e+02,2.095621119007333562e+02,2.079326028998034417e+02,2.057425305671887088e+02,2.055171749268938584e+02,2.081127629305593700e+02,2.145114905367448728e+02,2.232150087672860082e+02,2.246837074694082901e+02,2.283059625331059124e+02,2.388480660207737856e+02,2.514572196468339200e+02,2.368510608785883278e+02,2.183697091241342889e+02,2.024552192177764596e+02,1.982592748060004055e+02,2.083828302868808464e+02,2.220828662498784070e+02,2.287826670826180759e+02,2.364305816896187480e+02,2.176438467884912598e+02,2.067770292710667945e+02,2.066993975346802586e+02,2.062566364035863842e+02,2.181416631491242981e+02,2.345297386153975197e+02,2.399504777453321367e+02,2.408397588197948380e+02,2.331565484265621251e+02,2.295153182066076738e+02,2.123090007264346468e+02,2.107423028235349989e+02,1.946484015410877078e+02,1.899755755758931173e+02,1.956296173387003989e+02,2.012502834911774698e+02,2.048174176605387515e+02,2.019871152697417642e+02,2.178267843942331297e+02,2.145056879879548433e+02,2.190632516677840727e+02,2.105239766710858760e+02,2.105407015008847509e+02,2.139073719257532957e+02,2.210730451322080228e+02,2.254308334209709415e+02,2.305058742522713260e+02,2.331779552967533959e+02,2.167394820177285055e+02,2.071013545743289512e+02,2.207635953790085637e+02,2.026912608054863085e+02,2.112322569353268307e+02,2.138110287777877261e+02,2.112742691317602919e+02,2.162376907676752467e+02,2.320398626689037087e+02,2.314845687518608486e+02,2.253589726585427115e+02,2.429626115014477818e+02,2.074503282436365907e+02,1.709620437442754337e+02,1.642140040097602878e+02,1.905352808699724392e+02,2.135357561189706814e+02,2.029410148523818975e+02,2.064344548325465212e+02,2.088608210130443581e+02,2.155302697224961719e+02,2.238613244602624377e+02,2.145585920855532436e+02,2.043661932383262467e+02
1.546760490609859744e+02,1.559288966781529666e+02,1.647347585492659903e+02,1.772499255162376812e+02,1.838163752142356770e+02,1.794900955312185715e+02,1.998669880101652154e+02,1.946683850693798945e+02,1.993476126711424286e+02,1.691540899676843708e+02,1.559774206506041878e+02,1.780050354273322455e+02,1.909606852461317885e+02,2.015331383631102824e+02,1.880756130051200898e+02,1.851507379281281942e+02,1.905719632202464595e+02,1.883477537057044628e+02,1.941715366083087133e+02,2.087527217340085315e+02,1.860261248168624206e+02,1.856695074034907975e+02,2.074824147160385337e+02,2.102298796509658132e+02,1.832491464530027088e+02,1.951029903546098865e+02,2.021685237546831218e+02,2.162777521643248235e+02,2.138302490165797280e+02,2.031262220137450925e+02,2.177444628901051829e+02,2.150543325719871461e+02,2.130539387842864016e+02,2.233770263817509090e+02,2.338879300544492423e+02,2.329418946041171239e+02,2.392467742307619858e+02,2.403915348485912773e+02,2.339425318096176341e+02,2.269518320280686510e+02,2.341589577077458557e+02,2.442156637610651728e+02,2.329329381168310533e+02,2.232351035461840638e+02,2.375403752400190740e+02,2.450433467640434344e+02,2.471818066884355289e+02,2.240786735044997897e+02,2.247206235403961045e+02,2.543230594236961792e+02,2.471180877610333368e+02,2.433095497439973656e+02,2.620657512459407599e+02,2.755942642211749103e+02,2.656300220620361188e+02,2.606411678899656863e+02,2.542616817603724826e+02,2.551288627185650171e+02,2.456811401413603733e+02,2.391143058947707800e+02,2.591829621598969879e+02,2.537044735418842833e+02,2.529655258028143976e+02,2.621650851914138798e+02,2.775666508115625106e+02,2.781108957892758440e+02,2.722812093453435978e+02,2.750943303810842053e+02,2.816119758869368184e+02,2.704478792004467778e+02,2.624682928282532544e+02,2.491720642314935503e+02,2.746840183867732890e+02,2.702732390838030483e+02,2.637396527836847326e+02,2.663677831696339808e+02,2.755223565068184826e+02,2.682234538502830787e+02,2.729288701487927256e+02,2.691808572008267220e+02,2.732592541252819274e+02,2.778641649264584430e+02,2.602022097284798292e+02,2.479251188842883380e+02,2.495822753003521086e+02,2.685685631378799485e+02,2.774202012025612021e+02,2.745514188135433074e+02,2.752009127232539072e+02,2.873369946206129271e+02,2.847577743604205125e+02,2.856416739429276959e+02,2.787043031113434495e+02,2.954734619588008968e+02,2.778580095588478684e+02,2.876228247386593466e+02,2.780101511855377794e+02,2.597845843539143971e+02,2.324476287233705420e+02,2.408418092550967060e+02,2.649281020985809505e+02,2.360671100914912017e+02,2.168508993910056120e+02,2.220609057668741002e+02,2.350221269103796828e+02,2.423158595963814150e+02,2.402695868823605565e+02,2.509898869763834170e+02,2.271004422613889346e+02,2.116696126546095797e+02,2.062682649027057948e+02,2.298511752125774024e+02,2.331804832744128646e+02,2.269818817049442430e+02,2.317835421653191759e+02,2.345349183178839496e+02,2.263688109892272564e+02,2.378071364830949221e+02,2.157604817402455524e+02,2.098178078660736503e+02,2.166579037183118714e+02,2.246233192416733289e+02,2.299520833359485437e+02,2.362906201436099423e+02,2.233295340504263322e+02,2.341107002239924952e+02,2.331961333558914191e+02,2.318636076437831832e+02,2.116539284773608074e+02,2.061650979606318117e+02,2.091016527305682473e+02,1.964168358028804562e+02,1.968313266444174019e+02,1.662410718958299469e+02,1.510387535873286993e+02,1.554119800335732293e+02,1.677475106854828368e+02,1.967232021415088639e+02,2.069721692492801992e+02,1.843313568619607850e+02,1.668926288176895696e+02,1.565999505670467045e+02,1.498624672879857940e+02,1.677971792286064385e+02,1.786637946446288936e+02,1.810104731736706469e+02,1.724073876698909089e+02,1.601662818624483009e+02,1.579848513246490143e+02,1.679939756648147124e+02,1.872793046736262852e+02,2.037567540810605351e+02,1.891441840921898461e+02,1.864393588321840411e+02,1.849054080768027291e+02,1.852449372513469541e+02,2.027051912928750994e+02,1.826378269644154955e+02,1.810116137312924423e+02,1.776850587185321615e+02,1.894172329729191233e+02,2.033178894757503201e+02,1.943390724951606217e+02,2.091639952099849324e+02,2.272005449204572756e+02,2.207672465875446619e+02,2.140291390577979769e+02,2.058586178759329641e+02,2.042434400971251307e+02,2.073070541323853320e+02,2.101547855019501299e+02,2.277633656417726797e+02,2.273009642622322701e+02,2.293193193431942518e+02,2.422776846564696598e+02,2.280201443666428247e+02,1.988090744179119724e+02,1.841139589897037183e+02,1.721426348491682177e+02,1.750822540592580197e+02,1.897759687810848561e+02,2.022320161576162718e+02,2.000371710923163278e+02,2.015156169674909279e+02,2.092696173551905190e+02,2.179699695123613594e+02,2.060272121484296122e+02,2.032706151550727043e+02,2.007666106504849495e+02,2.071612160584405160e+02,1.996174059247214814e+02,1.997673154032991647e+02,1.728886226784106839e+02,1.615404033146818676e+02,1.773850133973931520e+02,1.648541619861730680e+02,1.791523357044118256e+02,2.035988875911264415e+02,1.951686800785520006e+02,1.876628039914532735e+02,1.976189431271412502e+02,2.030807197959506425e+02,1.937970717142562478e+02,1.915919512345568876e+02,1.957071469180282293e+02,1.669638711023447684e+02,1.709771728062870579e+02,1.927860740648515900e+02,1.839828613216278086e+02,1.871767248869689411e+02,2.108684702046396353e+02,2.153037443717445854e+02,2.150052787672031513e+02,2.192142944803674425e+02,2.100754289264695274e+02,1.937536659868064248e+02
1.870824299469582286e+02,1.760961182888021881e+02,1.575454145117599865e+02,1.588689333358061901e+02,1.733775113670665178e+02,1.843180230720470547e+02,2.043743090218886778e+02,1.953670800485642189e+02,1.899502328351093183e+02,1.455730291256740543e+02,1.461547706731838332e+02,1.722665417023983423e+02,1.719689816116865586e+02,1.754740618156651522e+02,1.752850969288929832e+02,1.673586724395861438e+02,1.800679031398931897e+02,2.046417627996053739e+02,2.087698704246384409e+02,1.878050212264344623e+02,1.649244258343076979e+02,1.575238538172462484e+02,1.494081680330941708e+02,1.439383225227032312e+02,1.402844622228635103e+02,1.571381276441766772e+02,1.915145145361582593e+02,2.132449425970580421e+02,1.886495924820125083e+02,1.679043033001582330e+02,1.797409523949881134e+02,1.722540706733100251e+02,1.724165091659835412e+02,1.944847666714662182e+02,1.993477381536504254e+02,1.929938181692983790e+02,1.974168566505959177e+02,2.244211078112532505e+02,2.174320927108930164e+02,2.163997166885153831e+02,2.267471111765873673e+02,2.392115872315497427e+02,2.407182031311058381e+02,2.430184292512894331e+02,2.425871850688333495e+02,2.491674110420721888e+02,2.493305827898686573e+02,2.353489060582282661e+02,2.519842638398097847e+02,2.768951858670803858e+02,2.723795363277376964e+02,2.622667730333784561e+02,2.761306751837996103e+02,2.883576015008061972e+02,2.764320524808164237e+02,2.717142758262068583e+02,2.488997030999836397e+02,2.298044815889174970e+02,2.196698430859916584e+02,2.247773505749390495e+02,2.504464515007057059e+02,2.571586388194679103e+02,2.578807407294439145e+02,2.571971262425690838e+02,2.615967067696299182e+02,2.547389078027811138e+02,2.561152167946547138e+02,2.582709447648533114e+02,2.462851382993704874e+02,2.643788479912919342e+02,2.736647570757046992e+02,2.591032243612235675e+02,2.701485249435988294e+02,2.755273105701002123e+02,2.715238346276758534e+02,2.606809565612095980e+02,2.654105706544594341e+02,3.007470944985205961e+02,2.869826745663168026e+02,2.650189842022597304e+02,2.637487116962285540e+02,2.743949470450455124e+02,2.684335056889644306e+02,2.817973758501556176e+02,2.626146524133762910e+02,2.666982778308343995e+02,2.717805552306938921e+02,2.718142322445280570e+02,2.674948156146217570e+02,2.743470518909152247e+02,2.739907843005659629e+02,2.730195317125301244e+02,2.657802218550102680e+02,2.698318989982815879e+02,2.791631328920500437e+02,2.780201962552904433e+02,2.832877271950749218e+02,2.769965586203592807e+02,2.290804770146918656e+02,2.253272278093983232e+02,2.482714738095599785e+02,2.253325277033163729e+02,2.105496805250512580e+02,2.246301082636691149e+02,2.291925400674503805e+02,2.295807026714572316e+02,2.199783429281271765e+02,2.276863148082123018e+02,2.140341479483619196e+02,2.172772737476939255e+02,2.057288639062051629e+02,2.049896418226229287e+02,2.100614870181131550e+02,2.145561581031537912e+02,2.183195395991188548e+02,2.205990433550670673e+02,2.179695590751150576e+02,2.326844031689883252e+02,2.167496127418916103e+02,2.014015338483907840e+02,2.010740031600334703e+02,2.166714488328730113e+02,2.281561989523251555e+02,2.352392903114327680e+02,2.091069503942655672e+02,2.105992754527758564e+02,2.141855352755695776e+02,1.968282970083229486e+02,1.761022422786556945e+02,1.707532543708347816e+02,1.637639808695767840e+02,1.610160449263005091e+02,1.596084295637986656e+02,1.351336253746656553e+02,1.272281063502840510e+02,1.318007441430972619e+02,1.304924607820084077e+02,1.226873696568110006e+02,1.093445806075333877e+02,1.071327373444950979e+02,1.221351367637809062e+02,1.317506460035881446e+02,1.307061247255832370e+02,1.463128048236368954e+02,1.399037147226325146e+02,1.378952342071066823e+02,1.446490497469356171e+02,1.398715990224860093e+02,1.396538300716840695e+02,1.511749812485376196e+02,1.554009360962246546e+02,1.648888363525196610e+02,1.529027421759967922e+02,1.525611613828089901e+02,1.564682661091342766e+02,1.676640652367586597e+02,1.803591234696089316e+02,1.644779197072020906e+02,1.755008257300696641e+02,1.760922468256949003e+02,1.881232698563358952e+02,1.844354658322223486e+02,1.734826458332281049e+02,1.905435446793284768e+02,2.031892030047726223e+02,1.934105299079197948e+02,2.049654405630216161e+02,1.864802233306735673e+02,1.857599918186832042e+02,1.875010692080115007e+02,1.940504789447016094e+02,2.058166606151909548e+02,2.144708308989191892e+02,1.900064735399269864e+02,1.947332754831279544e+02,2.102492126972858841e+02,2.050755404693486526e+02,1.786650846236336747e+02,1.762992393067859496e+02,1.762858162800371247e+02,1.872093189646292615e+02,1.896978612769668189e+02,1.908857327766587275e+02,2.071971066432824387e+02,2.095527754412263448e+02,2.021151793205699505e+02,1.916562842915228089e+02,1.755902041958329391e+02,1.796748507152635170e+02,2.058347028171624800e+02,1.952827826208840065e+02,1.947442329138800687e+02,1.868991505092738237e+02,1.756393385820582296e+02,1.676031260977956379e+02,1.635145935059489375e+02,1.864066958507549145e+02,2.136292166467448794e+02,2.221408094289185158e+02,2.123883386373400413e+02,2.036755097813825159e+02,2.194957227040337102e+02,2.171715396593091327e+02,2.038169286455971019e+02,2.135812035382856209e+02,2.036520537537004998e+02,2.135823529814526296e+02,2.253219095416787354e+02,2.149908207839498573e+02,2.283782895229161909e+02,2.152224553729706713e+02,2.149722509466562599e+02,2.156769451323536941e+02,2.138611394869623723e+02,1.937167447298351135e+02,1.860469760745228314e+02
1.831353922593431491e+02,1.908567861648408837e+02,2.028162228710331476e+02,1.825414652019733808e+02,1.964792371093267036e+02,2.070188597830641584e+02,1.981976072433237448e+02,1.987826847691126773e+02,2.034520014612393481e+02,1.768368629713140479e+02,1.733427866871948311e+02,1.804023194467260680e+02,1.858704870676534711e+02,1.968621043786291978e+02,1.999456588203454999e+02,1.849489016780614747e+02,1.943415183312200440e+02,2.249914920636808802e+02,2.318897045941261013e+02,1.962124473265944857e+02,1.828811729365787357e+02,1.921948369455559202e+02,1.725357923452100124e+02,1.663288749166146943e+02,1.713786911545552982e+02,1.853580101793677102e+02,2.100464362272713856e+02,2.346289754385968536e+02,2.201701007317993799e+02,2.010584104323752968e+02,1.979491372491003744e+02,1.971073681425617963e+02,2.003487530556334093e+02,2.089670066489385363e+02,2.193665497614702247e+02,2.295000307126477139e+02,2.279809665449707268e+02,2.398450277559152823e+02,2.247097246251097999e+02,2.297878520646094387e+02,2.415455494888433918e+02,2.442873342890439972e+02,2.550618727878895413e+02,2.650397115488087820e+02,2.655584826149370201e+02,2.663227757629899770e+02,2.647008219209853337e+02,2.536592563839505488e+02,2.608573596662696445e+02,2.500693400932209727e+02,2.652376608536570188e+02,2.761871903832930570e+02,2.755958655748966066e+02,2.676272875774484987e+02,2.675870592061651791e+02,2.723616879628404490e+02,2.501104653795811998e+02,1.916353566271942839e+02,1.707711197785194770e+02,1.577730786150343363e+02,1.651137366284620782e+02,1.850350160434102520e+02,1.968176199522318370e+02,2.083776212640510437e+02,2.028853270593205025e+02,2.078553245592376015e+02,2.129269349863383809e+02,2.042800778430503215e+02,1.956169598274463794e+02,1.784720493706281275e+02,1.762494756316392568e+02,2.050442969521392627e+02,2.277555465003827635e+02,2.250472872442641687e+02,2.134891866049981104e+02,2.109964242324022052e+02,2.072811410361262006e+02,1.922458846610626040e+02,1.767731839174171853e+02,1.728526217675448891e+02,1.810047881018883800e+02,1.907535601275698696e+02,2.137372016642361814e+02,2.165723686285938641e+02,2.163094615788412796e+02,2.201340962144276432e+02,2.136948882548625761e+02,2.156241982217919144e+02,2.179912692231349354e+02,2.304773809108581020e+02,2.224934913651525790e+02,2.270078587436540829e+02,2.439359659081716813e+02,2.437960219200256233e+02,2.398321367423311017e+02,2.458067927522113791e+02,2.625125253527346558e+02,2.656923095745238470e+02,2.504201327542298259e+02,2.441846201365211755e+02,2.467908574182219752e+02,2.565376079320982967e+02,2.419880975208974405e+02,2.116770228162476428e+02,2.048168280973593482e+02,2.044147832302683128e+02,1.998368569580677843e+02,1.820197664686896815e+02,1.811697839310511711e+02,2.078614232471189496e+02,2.202670594560295569e+02,2.211142304519076447e+02,2.000656089237222659e+02,1.877791727880676831e+02,1.851192166808417312e+02,1.876769427790495968e+02,2.071096486215171240e+02,2.041805891151236096e+02,2.224748623878336389e+02,2.324686502155634571e+02,2.123741986109350535e+02,2.124078625943482734e+02,2.122804643860773126e+02,2.068229497581291128e+02,2.053325297758922829e+02,2.055499779890073739e+02,1.883436316951544143e+02,1.891153629568071892e+02,2.030273175063010171e+02,1.803910756002871949e+02,1.560882503645900954e+02,1.638123741680778664e+02,1.742891623979234339e+02,1.705077605322732950e+02,1.782481367865855475e+02,1.767111046887952739e+02,1.612087667962268824e+02,1.482993514596684008e+02,1.336402457400709807e+02,1.312382944080798950e+02,1.624593422007114327e+02,1.876462776172973292e+02,1.767698255180793012e+02,1.604475961944494600e+02,1.646140856469836535e+02,1.743774410318871446e+02,1.673739693067232110e+02,1.482745980581130141e+02,1.541990812224026968e+02,1.927624173207625233e+02,1.903034736142576833e+02,1.911082624887423549e+02,1.832186477881194264e+02,1.777859081423888199e+02,1.644437478752371078e+02,1.601916319575787782e+02,1.787372526599489788e+02,1.848743712050933254e+02,1.778621209961783620e+02,1.861559369087122491e+02,1.897130825566028989e+02,1.940916660631510524e+02,2.011690358296352770e+02,1.931943201506246055e+02,1.678800168827329458e+02,1.684762101026306027e+02,1.851521767450363143e+02,1.773392745643079138e+02,1.710187126982407904e+02,1.784286783440249735e+02,2.087983063040447007e+02,2.188707923852821011e+02,1.828224577084235989e+02,1.539460372549191902e+02,1.577344081397873481e+02,1.922808521711892240e+02,2.052535056513661118e+02,1.928302422227796171e+02,1.893075173392679744e+02,1.912425298833580598e+02,2.053253681808580495e+02,2.107306171788138442e+02,2.051461213207411163e+02,2.077636090131117044e+02,2.146107656269180950e+02,2.173283920620926892e+02,2.065622752956031150e+02,2.051623446997784299e+02,2.129885626982101599e+02,2.228929743264313288e+02,2.101745373809236810e+02,2.136273585713016132e+02,2.208239467621017695e+02,2.116841124505046992e+02,2.132690099715211147e+02,2.050194452200563831e+02,2.191182165535427089e+02,2.396550556856107903e+02,2.448409443765114872e+02,2.578900389190629312e+02,2.439468310292085391e+02,2.435878064697616594e+02,2.679956456803702167e+02,2.649186509297385896e+02,2.547295663218177424e+02,2.484982280137400892e+02,2.444083272020396294e+02,2.481634886529345749e+02,2.433741862836325254e+02,2.267782580072233145e+02,2.180797308168428401e+02,2.132138852200151860e+02,2.237594511616014756e+02,2.322647307666864549e+02,2.255443156528574491e+02,2.213884783719400104e+02
2.142154882093637127e+02,2.096388917949746826e+02,2.258744875441815338e+02,2.461825891495105907e+02,2.259481814214462645e+02,2.129437525048420810e+02,2.024768981361339399e+02,2.050244215960576923e+02,2.025676965067000026e+02,1.993994459353295383e+02,2.079474805812120621e+02,1.914461828152861074e+02,2.007238214091306645e+02,2.382664142910359431e+02,2.099277215256008731e+02,2.037558498070681594e+02,2.048631052442781311e+02,2.174434321746003036e+02,2.328823856568993165e+02,2.293575396358455691e+02,2.395487470161094166e+02,2.103972194254618842e+02,2.119427940318308003e+02,2.291420430000528654e+02,2.142156512870277254e+02,2.237325191981876742e+02,2.460961010401786098e+02,2.398423499302182336e+02,2.307334812767953736e+02,2.435599232879583269e+02,2.469759356770916838e+02,2.301841052833306662e+02,2.315096502387177679e+02,2.455979130354834865e+02,2.497521151903960117e+02,2.508379219301716034e+02,2.482386546683878521e+02,2.537680841296225651e+02,2.443064319512666316e+02,2.468685454287469838e+02,2.504156802470678258e+02,2.501916496368658898e+02,2.635457576255147387e+02,2.790001053979268590e+02,2.738383089467112654e+02,2.606079783190749026e+02,2.582186923737486381e+02,2.513668722810228644e+02,2.555403436568906841e+02,2.565356496266203976e+02,2.737403146842497108e+02,2.729270147042536223e+02,2.725838377223909674e+02,2.814208917512701760e+02,2.764011407038593688e+02,2.554681691422455003e+02,2.548273720568325018e+02,2.078817700373616617e+02,1.778046389996320897e+02,1.606709698675212792e+02,1.592527994791238939e+02,1.655213449553569944e+02,1.674440257649361286e+02,1.828118350421805189e+02,1.811898835373700933e+02,1.900036810887015974e+02,2.073662739655305813e+02,2.128077004078869550e+02,1.820446061235924162e+02,1.613682346294233980e+02,1.625125859863958908e+02,1.855120718321337563e+02,1.890703754734229278e+02,1.890143216502021062e+02,1.894800151513273647e+02,1.816665898445470191e+02,1.871915427609512506e+02,1.834860534012389337e+02,1.601027846488350690e+02,1.595962400409856627e+02,1.667003891686887300e+02,1.597850181010251163e+02,1.813961015678370359e+02,1.890674738591066557e+02,1.958689692159260289e+02,2.092780970739468671e+02,2.007130898942453143e+02,2.147814076260731895e+02,2.078846317159860178e+02,2.033456108715138839e+02,2.053924894662530960e+02,2.099504856747746828e+02,2.367655235667464240e+02,2.247177556720222356e+02,2.212939515729382833e+02,2.342014725061723937e+02,2.425113090530027193e+02,2.406095125075943599e+02,2.412016338096250934e+02,2.419340789420670603e+02,2.322870629988976816e+02,2.241099555559194698e+02,2.194788236042993788e+02,1.954782180012558968e+02,1.900156119306560640e+02,2.003535447350402876e+02,2.016783673461277431e+02,1.918220164782763959e+02,2.076790864495240783e+02,2.227157387223219303e+02,2.239453142043379898e+02,2.317753807543828088e+02,2.091698574092406204e+02,1.871520229939562512e+02,1.781012287291818552e+02,1.868220532771150317e+02,2.102945286474434283e+02,2.071346807488289130e+02,2.219556721661994629e+02,2.238840046153836454e+02,2.210682239071822153e+02,2.284774243899708495e+02,2.138873015930818724e+02,2.037570503277599698e+02,2.103319225125460719e+02,2.131992563501543145e+02,2.133661462570632068e+02,2.170699159705053489e+02,2.329209114696909069e+02,2.262270299485416274e+02,2.186544768442010707e+02,2.203408324411511217e+02,2.107720848894537085e+02,2.068373818908600299e+02,2.118776416009866921e+02,2.167567446621490035e+02,1.990087500534280878e+02,2.102763731717953988e+02,2.385652323047337404e+02,2.361591398932258699e+02,2.325216387491197167e+02,2.209102540528793099e+02,1.924863566203353002e+02,1.891387236243872110e+02,1.999483800014226063e+02,2.121425442325774782e+02,1.956842480409693792e+02,1.730266740380887143e+02,1.844487887414914837e+02,2.228227197217252638e+02,2.175869378642624667e+02,2.081311468605841810e+02,1.777832041416538686e+02,1.658693046195832039e+02,1.765022416448017850e+02,1.793717513453996730e+02,1.959786567291463371e+02,1.994345921612530503e+02,1.982974978241282997e+02,2.107330699331511710e+02,2.031130138573580837e+02,1.812176604356275504e+02,1.596312634552880354e+02,1.584283552981850676e+02,1.704247968806025995e+02,1.799349392283446036e+02,1.972418995996899014e+02,1.930976025123385966e+02,1.700580255698637018e+02,1.682049277716388076e+02,2.009520941266202385e+02,2.240330100506534166e+02,2.049706723335882828e+02,1.847256771638234341e+02,1.805280707415756751e+02,1.962355606248756601e+02,2.089326963107345989e+02,1.992132982597935325e+02,2.054046615351012974e+02,2.092879451669006698e+02,2.156256461125149428e+02,2.200907407637492383e+02,2.019471349286065731e+02,1.980168711933061161e+02,2.035376039943105013e+02,2.169610280813822101e+02,2.110031843933898585e+02,1.953265190554444075e+02,1.908410478722317691e+02,2.181770660742205052e+02,2.033701841255811189e+02,1.970849724272151775e+02,2.078888227613771846e+02,2.062507432882668184e+02,2.257665305717515878e+02,2.255852943649725830e+02,2.185179651839833923e+02,2.384652137799004095e+02,2.304829410684187110e+02,2.334905587710487112e+02,2.441717248096886408e+02,2.357419838305931421e+02,2.419058631033930737e+02,2.587679035815560269e+02,2.711803434016761685e+02,2.599645779302925916e+02,2.519099654955185770e+02,2.423593073386678327e+02,2.457357013012577340e+02,2.331889349023080058e+02,2.419135496103604623e+02,2.429801057481418241e+02,2.412812661087288291e+02,2.497868259525050121e+02,2.413330099262876161e+02,2.222172506454773497e+02
2.092586403389483110e+02,2.121477185277845763e+02,2.119107768172875410e+02,2.261097900462583254e+02,2.176669131064767839e+02,2.036197175475359415e+02,2.182731658543420679e+02,2.349731670225689868e+02,2.329509312144918169e+02,2.136778263091686654e+02,2.122673873953554278e+02,2.069608476958993322e+02,2.197900047370021923e+02,2.243858803088781997e+02,2.241526753948235182e+02,2.478300959137343966e+02,2.447763564677083536e+02,2.316313546555321636e+02,2.333596120433929002e+02,2.269224898829335473e+02,2.265529422553033498e+02,2.163124598417408606e+02,2.022125509767959102e+02,1.947262010975433952e+02,1.998629365141030689e+02,1.818382906578368647e+02,1.687907014344998515e+02,1.695046244946651086e+02,1.742208784893214784e+02,1.825528074866212762e+02,1.783817752281039191e+02,1.794129545618612269e+02,1.936271199167283612e+02,2.044512191305603892e+02,1.957490741792610152e+02,1.971396686403622596e+02,2.067286309215972722e+02,2.088722503647896360e+02,2.032355072515117342e+02,1.969592850372002317e+02,2.041031612073816461e+02,1.931984064597653514e+02,2.114392579959996681e+02,2.162586611832688277e+02,2.255606119976755508e+02,2.148331348410593193e+02,2.168753254686793355e+02,2.068374785520889532e+02,2.087040884143786457e+02,2.326087450402077934e+02,2.293052511117344636e+02,2.147246080230956977e+02,2.226057044419280544e+02,2.448553495569775578e+02,2.267508351551086889e+02,2.045459256116022857e+02,2.113784191489153272e+02,1.993809898874008013e+02,1.928873920689969452e+02,2.020259214725586787e+02,2.123283155067416885e+02,2.006546367982727190e+02,1.988458509626900366e+02,1.950803146158268930e+02,1.922749847520772448e+02,2.033161489209641672e+02,1.925167160583667680e+02,1.789243931185160363e+02,1.858185741292386410e+02,2.165349140801331487e+02,2.136614247253083647e+02,2.221304205643360206e+02,2.267751905203207912e+02,2.005143506832075389e+02,1.795457438937661721e+02,1.760680121455751248e+02,1.930212511610297383e+02,2.075332898920371179e+02,2.083943433629468132e+02,2.094339750074989865e+02,1.960708750883081848e+02,1.913298130307546785e+02,2.162167906830659092e+02,2.226343216916226027e+02,2.073148073604267836e+02,2.101409559266995188e+02,2.214585461214768429e+02,2.230949601970316678e+02,2.124916537809955912e+02,2.120672074806553837e+02,2.221425743106784125e+02,2.335689872554271460e+02,2.414583897925601832e+02,2.398029504225583821e+02,2.311428103281691619e+02,2.266739778906586480e+02,2.445511249605642661e+02,2.573006904727778874e+02,2.488713513868839868e+02,2.411533402881539132e+02,2.483261774406940106e+02,2.479687600893396962e+02,2.535196228772614973e+02,2.517340589209044026e+02,2.475178899004347102e+02,2.514279725187734016e+02,2.530315184588253601e+02,2.471058015853585630e+02,2.518973462505237535e+02,2.648695113521512781e+02,2.566656707292046349e+02,2.627932724967146783e+02,2.683796519670175371e+02,2.698258789563984124e+02,2.728453913329612988e+02,2.682644749437179712e+02,2.727454098717802253e+02,2.658507630494333398e+02,2.554864461680625425e+02,2.598269563675937093e+02,2.696319569704753007e+02,2.643819189847441748e+02,2.205089626875496265e+02,2.000832046254038232e+02,2.040409755815517769e+02,2.287288840006984287e+02,2.494853452215911034e+02,2.736072973817247203e+02,2.686492868045729665e+02,2.517908434004065441e+02,2.338013070164114993e+02,2.479457226422895246e+02,2.235752819367488371e+02,2.045674262644134558e+02,2.178510715098132380e+02,2.395986824906814263e+02,2.558422575845125664e+02,2.697514690924636511e+02,2.623177851309488915e+02,2.560819489005630203e+02,2.457722921314111488e+02,2.432943179378271452e+02,2.377463583044949473e+02,2.432722847780220832e+02,2.493866653443643600e+02,2.441209762268413783e+02,2.476216644420348985e+02,2.568417656638751509e+02,2.538136219045949247e+02,2.383254912544392141e+02,2.402652565850268047e+02,2.318396033452953873e+02,2.020779578925615283e+02,1.828449535781358293e+02,1.991250988070598851e+02,2.474388042719376983e+02,2.420051269565610141e+02,2.345038119605738416e+02,2.496071773145938550e+02,2.619379735595551324e+02,2.468354510004537019e+02,1.856158179873092706e+02,1.634960724148155293e+02,1.667213792416616513e+02,1.943411760456121442e+02,2.326458829811243731e+02,2.382176136727054541e+02,1.958055820627091634e+02,1.203442691843075210e+02,9.933030736554641749e+01,1.189016991818343456e+02,1.498474007754232957e+02,1.399043633210478674e+02,1.390808001967980090e+02,1.496736370581344886e+02,1.558089672147159774e+02,1.704940504618857915e+02,1.934321309693996227e+02,1.776139752037816208e+02,1.668153699345934911e+02,1.814645652364741863e+02,1.967762143882445400e+02,1.972498461995979255e+02,2.013366663846289271e+02,2.033690766472973905e+02,2.038556162979082842e+02,1.799409869393452084e+02,1.437609168449361619e+02,1.341234108322150860e+02,1.559869976703240582e+02,1.714580976399028884e+02,1.644034304737294576e+02,1.676484592053562892e+02,1.626808353842933741e+02,1.697313977074747129e+02,1.825027323688954368e+02,1.841551357376139038e+02,1.785802615995750102e+02,1.730039174100038508e+02,1.925945715590875977e+02,2.060811084733197163e+02,2.083456108621933254e+02,1.960692309857876694e+02,1.799252974215407903e+02,2.018954097968465362e+02,2.077105604796709599e+02,1.907662375215994359e+02,2.076973236131941007e+02,1.923958636444698698e+02,1.714809544732083282e+02,1.682816078387533025e+02,1.514291049685884900e+02,1.449786299184832501e+02,1.633216342041600910e+02,1.740439425385826553e+02,1.571103725538753793e+02
1.994978252722264074e+02,1.896935348410363815e+02,1.795921094057717369e+02,1.922877417625968803e+02,1.935800849835325153e+02,1.915076521960208993e+02,1.936023185001288596e+02,2.047142948088342109e+02,2.113827129859072045e+02,2.088720281339645339e+02,1.927560281824144681e+02,1.950151823143271770e+02,2.136838553855882878e+02,2.070585970385710937e+02,2.007423485846022402e+02,2.257416550631311338e+02,2.201743737334327591e+02,2.083080076555083622e+02,2.127800454271963417e+02,2.069347411129865577e+02,1.881129408546776460e+02,1.721266799581412386e+02,1.622707115722122353e+02,1.711856187482773635e+02,1.689590577930806603e+02,1.628996808264404308e+02,1.729445281111262886e+02,1.844434417635115437e+02,1.848018201455893177e+02,1.719819393736104018e+02,1.563858978990326136e+02,1.579780504922616728e+02,1.642078916857862225e+02,1.861213210734701988e+02,2.027497368899663570e+02,1.983977951157067423e+02,1.913640650483738455e+02,1.947248523316683873e+02,1.799031934785557496e+02,1.645943834491665427e+02,1.615921595424988482e+02,1.588634541868194106e+02,1.878868106431314686e+02,1.853822133542556116e+02,1.749667217949913152e+02,1.900967001093199826e+02,2.002991221634573265e+02,1.734917580070363670e+02,1.691773239303244054e+02,1.746345334696940483e+02,1.667788470715853464e+02,1.685481068576873440e+02,1.832739416512964112e+02,2.031630861965726922e+02,2.080492373601004203e+02,1.863087667212496399e+02,1.738568825015532582e+02,1.591856650690711490e+02,1.458530381004277388e+02,1.519614570492531698e+02,1.538214780606434431e+02,1.420489585298391262e+02,1.414931809601543478e+02,1.407011894296213939e+02,1.467090451907045576e+02,1.607863778928243050e+02,1.502080786551272240e+02,1.437366097041355033e+02,1.437994954145255235e+02,1.693335235527385692e+02,1.746725515647716520e+02,1.879610899227328389e+02,2.200029292357156692e+02,1.792983147608908041e+02,1.655978091178807290e+02,1.707528190325089099e+02,1.785889032341454765e+02,1.907355447209712906e+02,1.996235463310711111e+02,1.997071620263297120e+02,2.039453045876691704e+02,2.212617604421776889e+02,2.140368346026296251e+02,1.996813098423584734e+02,1.884043530060016849e+02,1.746135002304205273e+02,1.776202493208452040e+02,2.006202627314387996e+02,2.208261643863545771e+02,2.000981944342167367e+02,2.003297733215904373e+02,2.088148427819019446e+02,2.290379042765239603e+02,2.273157531103919951e+02,1.769464196067717126e+02,1.573075001522520608e+02,1.688754274933984334e+02,1.915573300751576653e+02,1.970330113190490238e+02,1.969822574366278900e+02,2.108868722663879964e+02,2.206692816265834836e+02,2.086590536211682263e+02,1.981255030163053732e+02,1.876334522205123392e+02,1.787951292308281381e+02,1.869135686532065677e+02,1.925496628753686252e+02,1.863657018807291763e+02,1.925683949342575545e+02,1.943416832579090681e+02,1.912490862103819609e+02,1.966357442282945271e+02,2.003741663937856288e+02,2.032209797638886926e+02,2.024496988446945238e+02,1.968348134229073310e+02,1.969226200910543980e+02,2.018682644179001500e+02,1.897158637256666793e+02,1.849544909114376310e+02,1.864921275955626641e+02,1.892293541442744242e+02,1.955226020381123249e+02,1.990721911614294015e+02,1.991480102698951669e+02,1.989671798106963649e+02,1.995621364307983470e+02,1.959199465100790292e+02,1.995393237863853244e+02,2.088689060438275646e+02,2.039266019924663453e+02,1.941629742573288411e+02,1.981740167946455244e+02,2.114765625302228216e+02,2.167051192050672057e+02,2.124900665901562320e+02,2.019422488898002541e+02,1.968997912773802170e+02,1.993650406806090700e+02,2.032210293191883466e+02,2.000679000004945465e+02,2.008614158619281227e+02,1.995759050977229663e+02,1.946383897289953779e+02,1.965970644357320509e+02,1.986538589922327844e+02,1.962892520869989141e+02,1.959495285851817528e+02,1.966735671967404073e+02,1.955890789487936274e+02,1.924580200619271295e+02,1.955844881687358736e+02,1.923676703831484645e+02,1.985702075938119719e+02,1.964450666741825557e+02,1.954213803529428901e+02,1.999808303968211760e+02,2.070577816527394361e+02,2.108435534061066505e+02,2.006085143787642266e+02,2.085226311939976540e+02,2.037462130232163418e+02,1.953193899544702958e+02,1.939453738751207652e+02,2.014404116253028860e+02,1.954200600653677498e+02,1.591877283139751569e+02,1.103554725978339519e+02,8.756968178109015355e+01,9.401746593429885479e+01,1.112585642653386628e+02,1.119552035457665085e+02,1.241672025278419085e+02,1.311451375492019338e+02,1.358252336221676444e+02,1.599376510375981866e+02,1.779651208845930910e+02,1.612367620090792855e+02,1.360426428064021991e+02,1.433725283189413062e+02,1.532287341088866128e+02,1.558187310152788996e+02,1.581103392017009810e+02,1.614827178096083173e+02,1.692731151514466887e+02,1.509196124406200283e+02,1.305111818710234957e+02,1.131966669395137330e+02,1.203328598139007681e+02,1.428651644784255552e+02,1.461419062762362842e+02,1.536491639111361280e+02,1.495331323068030542e+02,1.500315012065381666e+02,1.797209035853103387e+02,1.586017609100077834e+02,1.413530220131093529e+02,1.337734347972345859e+02,1.543724434137227490e+02,1.736224761482537531e+02,1.710018930322177653e+02,1.808343340647959963e+02,1.741378953678801054e+02,1.781568598790871079e+02,1.899258011643640032e+02,1.660776619043766402e+02,1.505740971180520376e+02,1.526440012151496717e+02,1.559509297327031163e+02,1.519248556479966510e+02,1.341875980224726561e+02,1.235576547147496314e+02,1.292724273894993416e+02,1.197756165819585021e+02,1.146745094983627098e+02
2.035610158132367928e+02,1.965569061410752738e+02,2.042095990413711206e+02,2.024884130148117833e+02,1.904947989022526258e+02,1.980408508982128808e+02,2.062145172640221347e+02,2.053095152039633149e+02,2.120514378044366595e+02,2.166739873834333707e+02,2.005842370238324293e+02,2.079638897146140266e+02,2.265708386070677705e+02,2.082983537676512071e+02,2.113923847534138361e+02,2.329873347582633301e+02,2.149514497521001317e+02,2.157414266051000595e+02,2.165968929777608025e+02,1.996309398815831173e+02,1.958528730780967919e+02,2.023779178296745158e+02,1.938935023442623731e+02,1.853122918335994882e+02,1.900576944430871720e+02,2.051647391842505783e+02,2.071488780092934405e+02,2.070248233331385848e+02,2.061885126069888372e+02,1.968128252237027027e+02,1.828236555851344178e+02,1.725397239582565021e+02,1.667694653146280643e+02,1.611531710040403595e+02,1.808995788981582962e+02,2.060844644828812591e+02,2.093613995982140068e+02,2.071400131743093311e+02,1.889231861342467198e+02,1.722778176823640877e+02,1.479350983236784316e+02,1.487246972500807090e+02,1.674217708281438775e+02,1.775470899176558532e+02,1.820804035618625107e+02,1.959317846806231387e+02,2.019756357531410629e+02,1.874598194404822777e+02,1.902183661747838244e+02,1.808218186038847932e+02,1.800237054219539914e+02,1.901049117350486313e+02,1.994246183118606552e+02,2.070058947669991767e+02,2.157598733590207019e+02,2.040960274552139424e+02,1.878762454350858775e+02,1.772636652931069534e+02,1.528585480253652520e+02,1.435329967597211294e+02,1.542792460931358391e+02,1.546327213068547621e+02,1.354588366794141621e+02,1.436997505711197221e+02,1.681893847377133397e+02,1.776386195932581415e+02,1.734437757046951560e+02,1.689198703703257820e+02,1.600808547966369417e+02,1.694062538132197915e+02,1.871741695086078039e+02,1.959436226419578020e+02,2.125514416808933902e+02,2.008798545334864514e+02,1.768423144902451156e+02,1.718311141595268623e+02,1.856553733139664359e+02,1.891125119556808727e+02,1.866851799486618972e+02,1.981562098097494697e+02,2.124334063031766675e+02,2.239184185524960640e+02,2.285041998284986562e+02,2.087091484655008742e+02,2.077178484858605998e+02,2.135468994390442674e+02,2.183743143197761469e+02,2.281829307895276600e+02,2.407282086047179064e+02,2.342634459050882185e+02,2.433352408512823217e+02,2.545118331618416221e+02,2.589469030124669189e+02,2.469865856784693676e+02,2.071745104966503277e+02,1.842933658758920501e+02,1.951236873100544642e+02,2.119419385831407965e+02,1.991067973814146512e+02,1.952857115970744530e+02,2.052285188355101013e+02,2.131718037247262600e+02,2.119866370312717265e+02,2.136747515667227901e+02,2.052758438216063439e+02,2.001827570384969590e+02,2.074131145789475568e+02,2.056449606299413233e+02,2.095778717628639924e+02,2.091269384472631430e+02,2.098317216136831860e+02,2.077845065740132213e+02,2.085267520290765049e+02,2.107269883437484168e+02,2.125867114592039115e+02,2.163849718168792720e+02,2.139211718350366027e+02,2.087749543025674370e+02,2.129649959943144495e+02,2.071156078286165041e+02,2.045077660026955755e+02,2.040283630183640753e+02,2.041728329746497934e+02,2.100252051701539244e+02,2.109310216272730827e+02,2.101231713155881948e+02,2.099008909941111938e+02,2.051084581064721704e+02,2.061469422520441412e+02,1.978189052547912468e+02,1.928235237249291458e+02,2.056545904404130169e+02,2.011806783393683418e+02,2.055026717594302283e+02,2.102540846928768872e+02,2.149034328465915848e+02,2.132276817223372518e+02,1.999363294088362579e+02,1.808945959099531819e+02,1.842149353612575737e+02,1.985920620233419527e+02,1.979366317302021230e+02,2.026769558338261277e+02,1.985060442924525432e+02,1.864074793805902743e+02,1.893767554973139227e+02,1.956918967211575477e+02,2.000383156464844490e+02,1.975104308248957068e+02,1.960928510454129992e+02,1.967253500089074407e+02,1.949569989125411382e+02,1.978084602345660699e+02,1.981793446081939862e+02,2.023392476267602547e+02,1.982954573710127022e+02,1.961414477725699044e+02,1.947476774275558569e+02,1.977372919356203624e+02,2.048115250373276695e+02,2.028858540160542248e+02,2.057600624666243903e+02,2.041230869383143158e+02,1.969043626324090042e+02,1.974729764852122287e+02,2.004885518337270014e+02,1.918749570167014724e+02,1.831937170582941690e+02,1.738727646784563206e+02,1.555062706025316857e+02,1.563413200072839118e+02,1.672900198167556312e+02,1.706262846552957058e+02,1.635666700689171478e+02,1.687200250520339466e+02,1.828466028035707041e+02,1.803660728815143841e+02,1.764367380619138146e+02,1.586352641260318137e+02,1.549688734503801015e+02,1.582018871555558235e+02,1.607604250314543037e+02,1.667271623938302696e+02,1.607017504547412443e+02,1.583521433350987877e+02,1.711009271878271534e+02,1.617698282132920724e+02,1.444386952942366804e+02,1.425054142347438244e+02,1.567353426069135764e+02,1.827594525765657636e+02,1.946278065610960653e+02,1.916968014363775694e+02,1.779994573736493351e+02,1.795531063704237908e+02,2.008577050734750742e+02,1.937084555483474730e+02,1.855536452700116570e+02,1.730249807082961695e+02,1.917060589779546831e+02,1.989325293272602551e+02,2.075314790190222993e+02,2.178081201351251650e+02,2.037990396757294036e+02,1.958425744774836801e+02,1.976275877840008661e+02,1.918507711014518407e+02,1.829998204259513841e+02,1.974956393596056046e+02,1.931313566571886042e+02,1.761601637238517810e+02,1.695915697497576673e+02,1.654976127389555245e+02,1.307530284778937926e+02,1.296066008276738444e+02,1.398976889404977442e+02
2.151533375078021209e+02,2.152867309227161172e+02,2.277881675670333834e+02,2.218767072847938664e+02,2.385886937936205641e+02,2.526814589192416634e+02,2.444818626493773763e+02,2.539344574535855088e+02,2.634530597011164446e+02,2.775946987445782383e+02,2.626611239022183213e+02,2.561671168822590516e+02,2.353360364780906195e+02,2.217613229271509283e+02,2.284577128335474470e+02,2.603081435839501410e+02,2.626864192424330327e+02,2.475860873909960276e+02,2.155071752480810687e+02,1.638366612537552101e+02,1.363760380756617110e+02,1.250147430841763310e+02,1.188400563090670232e+02,1.126147049243971310e+02,1.142399305423406872e+02,1.279410964024365569e+02,1.278905267804249206e+02,1.320758804882872255e+02,1.247242939946630287e+02,1.172939996828125118e+02,1.217180795887005473e+02,1.161630652974750717e+02,1.244027294860755006e+02,1.237480149014679398e+02,1.384797478903823276e+02,1.558954891706724766e+02,1.481064406900891584e+02,1.360567336153028464e+02,1.280199319326709144e+02,1.206273622437601318e+02,1.128900892056580290e+02,1.260833197401797179e+02,1.284011103977493633e+02,1.411520957064185495e+02,1.376196431287690700e+02,1.440298264737313616e+02,1.472346934513009842e+02,1.379339462184323679e+02,1.355542014623753460e+02,1.456977649633074918e+02,1.620448626432967956e+02,1.823644828089845475e+02,1.915243080615958604e+02,1.938042378685249219e+02,1.930287589598459306e+02,1.663718355129395263e+02,1.653389590566786467e+02,1.828062157547166464e+02,1.844861650007915728e+02,1.817484901075040966e+02,1.597448852890770468e+02,1.566566940828137717e+02,1.523064137294201714e+02,1.424593913388608826e+02,1.279165029320918308e+02,1.224436466643553700e+02,1.298150420979401076e+02,1.361923619606339741e+02,1.401375631157644932e+02,1.533415468316603096e+02,1.511330715823458490e+02,1.425286584803785388e+02,1.241410526119988873e+02,1.151904828344774216e+02,1.128933063906358143e+02,1.203861444335174156e+02,1.346591805737438392e+02,1.361421102516181918e+02,1.426405571246249053e+02,1.469106261491154442e+02,1.439685243609661711e+02,1.409599506727171274e+02,1.503963929677818498e+02,1.654524846772263231e+02,1.698587845736935833e+02,1.798469514958410116e+02,1.705869700688117234e+02,1.662477783650042227e+02,1.740796531969608907e+02,1.874627318756911336e+02,1.960324773543352137e+02,2.175672511377236447e+02,2.175078174213639102e+02,2.224117446839229615e+02,2.277483953608090133e+02,2.085036076436920212e+02,1.945508410031050630e+02,1.877624302326816519e+02,1.763920047898409393e+02,1.719743776397281465e+02,1.868537738924621578e+02,1.726157177055697787e+02,1.689952929863759437e+02,1.772510440411749073e+02,1.631738940768616715e+02,1.659461105049793446e+02,1.922837498268643230e+02,2.342279026011784140e+02,2.081159129203033444e+02,1.721283796748466557e+02,1.656678207468166306e+02,1.788787986146504068e+02,1.654019661720169267e+02,1.590345892468159832e+02,1.702673174729133621e+02,1.761094690245018057e+02,1.707966707293432478e+02,1.707956020269924977e+02,1.793284474120002585e+02,1.547072225512119417e+02,1.415622234682484191e+02,1.491914731879700184e+02,1.452764349624020781e+02,1.378277932291756258e+02,1.566504587436560882e+02,1.519772260622209501e+02,1.413991510687772006e+02,1.539571046174630169e+02,1.781951613479237437e+02,1.874808310861219240e+02,1.798576347861813360e+02,1.678895469422089661e+02,1.570175386928894739e+02,1.684413789267148900e+02,1.873326130721570735e+02,1.947749821230764837e+02,2.025436806832835259e+02,2.037907340073362263e+02,1.851487945054920772e+02,1.686302772044775224e+02,1.772541262612949993e+02,1.989101907245059238e+02,2.146617537233516373e+02,1.997149416363324690e+02,1.941350614543870847e+02,2.144566085136938227e+02,2.085858372083640120e+02,2.061677864275840477e+02,2.011917009749295460e+02,2.150131892855935405e+02,2.101426429946443761e+02,2.158949568338825031e+02,2.256270633045402008e+02,2.259350852434076558e+02,2.377696014747634194e+02,2.369021999791528970e+02,2.510825115872274012e+02,2.300208957779163086e+02,2.231190815331297870e+02,2.378113096811387095e+02,2.364253931529701731e+02,2.295779913032435502e+02,2.385492537018293149e+02,2.499456970797293707e+02,2.491414755882157692e+02,2.352063288521542290e+02,1.839899418661669017e+02,1.725539586137137462e+02,1.668751877563789776e+02,1.398209044081334866e+02,1.323275815527826182e+02,1.422211778600920695e+02,1.231895624192994063e+02,1.114215599573361146e+02,1.288237535083099488e+02,1.249196235822468566e+02,1.239267462510295843e+02,1.463176811363635750e+02,1.409951595455782467e+02,1.393188011511965669e+02,1.531409928339233772e+02,1.456587575459485322e+02,1.530638907017342945e+02,1.381069645952051701e+02,1.291607837620742032e+02,1.510964478743061363e+02,1.503109868271222922e+02,1.609948554831167939e+02,1.857759412677811497e+02,1.663446029778354784e+02,1.615127370299076404e+02,1.722169669144750515e+02,1.690136772838560262e+02,1.685414450894986942e+02,1.768622182898902793e+02,1.902753581942781977e+02,2.070220480426466452e+02,2.372556028927925809e+02,2.094619246454217887e+02,2.113332347950428414e+02,2.278478794626306012e+02,2.178165333417757950e+02,2.068327800751592065e+02,2.134752681527459686e+02,2.187639769205957805e+02,2.280918856031051405e+02,2.268512113183210488e+02,2.363024981574446599e+02,2.218053493163414487e+02,1.987117436157779764e+02,1.840686074636009835e+02,1.902888672595927915e+02,2.083121739174754339e+02,2.026391220698154143e+02,1.815209132374480703e+02,1.714283591850644370e+02
2.216996980616511053e+02,2.354643579901328394e+02,2.397171713872688201e+02,2.296124475500391213e+02,2.372757501998524958e+02,2.497540690174623137e+02,2.344642072893788622e+02,2.367623087150697359e+02,2.635503597993260883e+02,2.628005473760247241e+02,2.629419868119331340e+02,2.692225015788764040e+02,2.517428162108395213e+02,2.287913164502519692e+02,2.438452270554348331e+02,2.625922267981952132e+02,2.538584715426870559e+02,2.526863640415134569e+02,2.173082032973854609e+02,1.688774679045898495e+02,1.373098520476602289e+02,1.259435174173099199e+02,1.349410057716867186e+02,1.419022675938583120e+02,1.323566660888685931e+02,1.305303493019590064e+02,1.254349531037497769e+02,1.291197023291196899e+02,1.271438989911312376e+02,1.189536626512871180e+02,1.298435258015212810e+02,1.340430249210758689e+02,1.331249144282608086e+02,1.292894480542879592e+02,1.332953867410220141e+02,1.526684710568306684e+02,1.474883441479733506e+02,1.262369975739086527e+02,1.200648925485469931e+02,1.221737949169025796e+02,1.241644937399469057e+02,1.331818495932693338e+02,1.288207680806804660e+02,1.520454793107157911e+02,1.631555777472354976e+02,1.474411972009518479e+02,1.415494778391651209e+02,1.457838057650771759e+02,1.434657576619285351e+02,1.483952331900725881e+02,1.582434363738632044e+02,1.840555420662485062e+02,1.928228338459045119e+02,1.938140798745998268e+02,1.873149316500661428e+02,1.676342232220483197e+02,1.766841526483057692e+02,1.914415565391165330e+02,1.783418162328975711e+02,1.780153947295391674e+02,1.670247406926871463e+02,1.582580956831556875e+02,1.364504236813783962e+02,1.203168577363228735e+02,1.227392983292555186e+02,1.383599309134067994e+02,1.462579272157578316e+02,1.388107052616773558e+02,1.375849703118038860e+02,1.598629725638656964e+02,1.720360489895785179e+02,1.524381295795407141e+02,1.280710404544425103e+02,1.284838572419177751e+02,1.391417569409559292e+02,1.348709847065897520e+02,1.334413273740556747e+02,1.278381776358095152e+02,1.405907160824031337e+02,1.453612802369334531e+02,1.395748502864963427e+02,1.392540139990670411e+02,1.505813663816240933e+02,1.722805916831728155e+02,1.777149597104134955e+02,1.849464855197164468e+02,1.720925411481587730e+02,1.607252911552282626e+02,1.653076906472682595e+02,1.839757103985048445e+02,1.909876940927884164e+02,2.013232538341016777e+02,2.115164663057415169e+02,2.202357925875889180e+02,2.214485057283803258e+02,2.134305893706934967e+02,1.907402800839127508e+02,1.878038077151862808e+02,1.905888213161771034e+02,1.855449662763004426e+02,2.106774270330567447e+02,2.031222751565412352e+02,1.959823675726930219e+02,2.021014930316650293e+02,1.811533631858559943e+02,1.780612756703808657e+02,1.849904665819641707e+02,2.143821925853549999e+02,2.046259051724011897e+02,1.632814870292075966e+02,1.462382788925029899e+02,1.617084256642041851e+02,1.650610734573343734e+02,1.614580399410010330e+02,1.614846261094157853e+02,1.619612253176494505e+02,1.602149366221714217e+02,1.662239907519730764e+02,1.831367936556095799e+02,1.524929316570737967e+02,1.443877093262477729e+02,1.425795145166511020e+02,1.352297871203876696e+02,1.241829819618383794e+02,1.457601953789201730e+02,1.517404545964980969e+02,1.462783556001144802e+02,1.456825407994010675e+02,1.657173762317495402e+02,1.780678067819000034e+02,1.720164749949290126e+02,1.539507619447958291e+02,1.526547212383879355e+02,1.782259761315925743e+02,2.002232983049894699e+02,1.792743135754657828e+02,1.747436076654469161e+02,1.946923574285921745e+02,1.985400153255796170e+02,1.747928427817316219e+02,1.884408636202151115e+02,2.029764822708620784e+02,2.098182788398734715e+02,1.980403174084540865e+02,2.003844492355520970e+02,2.191167181220229736e+02,2.161000371496832031e+02,2.042496856058322692e+02,1.948525450827321492e+02,2.154828210758750515e+02,2.256383450914777598e+02,2.274952572736845298e+02,2.272804247604282750e+02,2.296917072478819932e+02,2.376624525609580303e+02,2.329392886687254531e+02,2.360276977891137733e+02,2.315875656387366917e+02,2.359099820902121678e+02,2.356085663393550931e+02,2.314360264578836563e+02,2.399304751209058963e+02,2.583263921942188972e+02,2.461221101335626997e+02,2.352635993253067284e+02,2.340219224139663083e+02,1.942756468066338300e+02,1.761623555203294131e+02,1.670832985548452143e+02,1.458063071692000676e+02,1.412799204674484486e+02,1.559042258415129538e+02,1.390982110706874550e+02,1.295217326542401111e+02,1.450355935140254360e+02,1.472554815813251423e+02,1.476062875405347938e+02,1.658017832750147704e+02,1.611683576930594768e+02,1.613611390352687636e+02,1.636318698621459191e+02,1.740472071201717768e+02,1.747527304001681614e+02,1.529518397350162502e+02,1.478658689858409616e+02,1.647708088958526957e+02,1.609163342104529022e+02,1.708494811010600074e+02,1.935643085564612420e+02,1.806862205303241069e+02,1.714993908418742592e+02,1.769854976215041233e+02,1.713186374379093024e+02,1.738764898755007096e+02,1.852471125161702048e+02,1.973706623360389472e+02,2.071350252480755785e+02,2.154317775964324824e+02,2.109098591825876099e+02,2.094453939262435824e+02,2.203942194444800293e+02,2.194243968909141813e+02,2.148718312744314289e+02,2.212570586553767669e+02,2.266147932150812494e+02,2.314868383870287403e+02,2.418313009590699778e+02,2.375841055362324994e+02,2.267765691394497480e+02,2.251016834544342373e+02,2.277891070427800457e+02,2.252318659345631602e+02,2.279445890879664205e+02,2.507897493049396189e+02,2.380460186792408876e+02,2.254206208754067688e+02
1.940606874563417250e+02,1.939308618886110196e+02,1.896073440155325045e+02,2.103223183025138781e+02,1.948030176617040183e+02,1.756654418756364748e+02,1.672151078801557844e+02,1.714398442158421290e+02,1.932984008624711407e+02,1.954780343773649633e+02,1.891789050360769693e+02,2.044044555116872459e+02,2.019542472918965643e+02,1.851747748438809253e+02,1.827200168720530371e+02,1.994104583366423924e+02,2.056392978252767989e+02,2.124706012005317746e+02,1.913633249992687411e+02,1.926919188672465282e+02,1.958144696232660635e+02,1.831251662235309254e+02,1.765068286086453497e+02,1.839021067419480460e+02,2.140916810810201696e+02,2.323449625525900331e+02,2.190289432740464122e+02,2.137482037750569361e+02,2.045838262374447822e+02,2.101018598620281921e+02,2.115511951825987182e+02,2.259856650834370839e+02,2.316530926689368073e+02,2.265486643484218234e+02,2.159863481030200774e+02,2.160149619966344687e+02,2.053318931407495995e+02,1.968456055798412194e+02,2.068729306248231978e+02,1.985809183948958321e+02,1.981771728835530268e+02,2.089374081926416409e+02,2.112622556290626790e+02,2.181617251053242796e+02,2.226912295316317056e+02,2.133055205358849093e+02,2.162877809637127484e+02,2.209877081266319578e+02,2.413432293322134115e+02,2.342639766193621540e+02,2.335461502058905410e+02,2.422974121784333192e+02,2.507456995454926982e+02,2.465020812453187773e+02,2.545253646100488822e+02,2.449386240599506550e+02,2.320236631204305411e+02,1.990832388241811088e+02,1.649430475487445733e+02,1.497173419845954641e+02,1.430981226664667076e+02,1.529672721158073898e+02,1.767560656622168551e+02,1.710151750848795018e+02,1.717765239287241172e+02,1.841909495884235071e+02,1.812470363269441975e+02,1.799563122477794082e+02,1.665917068696018930e+02,1.595049272820702981e+02,1.663543102232095237e+02,1.781142925879346990e+02,1.785704854682315386e+02,2.011007364162178987e+02,2.023973774483560533e+02,2.013713682970496848e+02,2.255606671237675300e+02,2.086100375598822154e+02,1.841010375166622453e+02,1.727106438991034167e+02,1.709764547837371538e+02,1.605150396464688924e+02,1.737673378342828983e+02,1.817050611358096717e+02,1.879309269820658983e+02,2.087566042782658258e+02,2.170401712555319591e+02,2.060593530380451170e+02,2.043461054537442578e+02,2.106722056969482537e+02,2.238097264437382989e+02,2.299702195425383593e+02,2.321186388626182691e+02,2.494810044999603065e+02,2.314981892940061527e+02,2.276358752921673272e+02,2.284306668079210567e+02,2.321143770920903080e+02,2.346704192689360582e+02,2.334919233364619515e+02,2.259509399307300441e+02,2.300242706275850253e+02,2.280061871127667814e+02,2.094586876801731137e+02,2.064982222246287051e+02,2.079388337966515223e+02,1.998411070524823288e+02,2.012985693239072020e+02,2.112612184606736889e+02,2.053202422028128638e+02,2.122597269630582844e+02,2.185078411478093869e+02,2.209184251990955943e+02,2.153784350499934703e+02,2.145065894803049105e+02,2.103794379031261315e+02,2.133129718845598290e+02,2.153888233257032994e+02,2.176088413684391583e+02,2.155766459695690855e+02,1.948262894509629746e+02,1.966131136900655179e+02,1.941270761554125102e+02,1.906303845160774131e+02,2.001097649321058611e+02,2.168548230954515645e+02,2.233581234369424919e+02,2.169721512911689274e+02,2.068067052149796723e+02,2.096410025630227096e+02,2.154341572793573789e+02,1.979237114295020774e+02,1.897460807765414188e+02,1.942018421152199608e+02,2.158176307339575146e+02,2.021305774618614635e+02,2.051929350143782926e+02,2.184619220966266369e+02,2.327135001633652394e+02,2.321747000776236121e+02,2.117073390511176285e+02,2.131735539326860476e+02,2.266377067181186078e+02,2.196609606850522027e+02,2.125813972050783036e+02,2.141804975503613946e+02,2.174211065602760868e+02,2.013636912710366573e+02,1.859199477869078692e+02,1.963429541809830994e+02,1.956860177835400521e+02,1.700339157516108912e+02,1.598914440046321772e+02,1.777770310915737753e+02,1.847906649612647527e+02,1.656355058018753539e+02,1.728724138061034239e+02,1.952276270855521432e+02,1.900870759836998900e+02,1.755428960285954929e+02,1.766822396929450179e+02,1.889418996314682317e+02,1.846583687216036367e+02,1.892379150440041542e+02,1.870373471401485972e+02,1.855669142185306271e+02,1.752643860965367537e+02,1.809622575886689901e+02,1.948448130038739237e+02,1.834775268937248143e+02,1.811549837045868685e+02,1.857156063312376091e+02,1.790731638551076514e+02,1.958756895669520190e+02,2.104567465045252561e+02,2.116814064116872487e+02,2.124355876453466294e+02,2.322089534855446118e+02,2.261331303218969424e+02,2.253031727213201520e+02,2.140886735444555597e+02,2.164304256071008865e+02,2.081618766178318083e+02,2.038000654180341371e+02,2.036898334070808119e+02,2.070469005496046293e+02,2.183724576354946123e+02,2.358605622496966134e+02,2.248515505558613086e+02,2.191239125164289021e+02,2.111837507897149351e+02,1.749848524064518926e+02,1.726246971641918151e+02,1.933430864681538708e+02,2.005891848219549729e+02,1.899534223188316560e+02,1.817371696958097118e+02,1.730556307950357109e+02,1.787029407260037317e+02,1.881758414700158255e+02,1.825113986911904362e+02,1.959635488894097364e+02,2.059776317935356360e+02,2.052495033354195186e+02,1.908677307945644088e+02,2.005457186456571321e+02,2.082072245571096687e+02,2.160909410888369280e+02,2.133304227861000300e+02,2.042192142336763823e+02,1.954294556597133692e+02,2.012963968153432575e+02,2.230544270289342705e+02,2.423552538811935904e+02,2.307852796952567473e+02,2.269283535715962898e+02
1.951238980966600423e+02,1.911610391671808316e+02,1.781871008050334240e+02,1.811243920303660104e+02,1.913162517824241036e+02,1.873855690790481674e+02,1.891522251134195187e+02,1.991121361964088976e+02,2.081254300076782329e+02,2.003516020470387957e+02,1.912385120080005834e+02,2.007654718569942531e+02,2.036871800843557310e+02,1.964580410976621465e+02,1.879397134540045045e+02,1.998992196733560434e+02,1.898281195208278120e+02,1.622629907459355536e+02,1.529997065617903900e+02,1.762600951592064007e+02,1.992909386177828992e+02,2.060616744167398906e+02,1.953725527708835727e+02,1.911410265888470974e+02,2.017717942379586020e+02,2.032293745265889982e+02,2.083831528260641903e+02,2.144426733679487711e+02,1.985041733309327583e+02,2.151086790445614838e+02,2.261441424975516270e+02,2.053850047875871496e+02,2.039772402920773686e+02,2.188848193076866835e+02,2.421508143317857673e+02,2.335630999733580211e+02,2.260544066426741949e+02,1.985588208439806408e+02,1.988856976149990601e+02,2.252752029038319961e+02,2.224366820510397247e+02,2.335436995026702789e+02,2.390949901475324282e+02,2.475542592079065400e+02,2.372803062229809825e+02,2.232501697984880025e+02,2.290119761098073354e+02,2.095047478580616485e+02,2.107438554573565739e+02,2.254755514734692383e+02,2.355833419731229981e+02,2.324271295296625226e+02,2.368139694020983654e+02,2.520217722589240736e+02,2.442956683808637308e+02,2.385095174942928224e+02,2.256227075570013483e+02,2.292357719935602915e+02,2.010061611268328932e+02,1.864532388470600779e+02,1.964839017111323756e+02,1.963777061622571694e+02,2.033760623365312483e+02,2.190536576621556719e+02,2.248625133650263592e+02,2.419369993460084345e+02,2.235075221028838257e+02,1.979645160195221081e+02,2.001594633058173542e+02,2.247495516385791632e+02,2.264524572170808767e+02,2.301134081183665216e+02,2.215957634155328151e+02,2.287812642726329102e+02,2.449897946266523263e+02,2.356832936480537626e+02,2.185192993126979673e+02,2.191073564507216531e+02,2.375747013397586045e+02,2.482699884802974566e+02,2.272986428980526057e+02,2.055026408950531334e+02,2.112158155968498363e+02,2.124978736193111502e+02,2.244740464714149653e+02,2.406170572015848848e+02,2.299969645215605283e+02,2.374116703915317714e+02,2.329167421609093651e+02,2.302276366375371595e+02,2.336073436168308604e+02,2.399950783354690316e+02,2.493256481085102791e+02,2.467423351292471523e+02,2.313288303470365292e+02,2.450071032089724383e+02,2.510428920564960151e+02,2.582817177821376617e+02,2.402290674540332702e+02,2.313844284368079514e+02,2.262292530426515782e+02,2.226816081014627002e+02,2.241180297224497906e+02,2.249947669277357818e+02,2.219599671875902800e+02,2.228682962589430474e+02,2.194381329171213224e+02,2.154166288039483845e+02,2.303359600971819532e+02,2.408389694170879238e+02,2.356239039675137406e+02,2.356542185799096387e+02,2.305385181046520984e+02,2.230563442974418820e+02,2.238754955880028774e+02,2.278038724046714094e+02,2.343894501463495317e+02,2.336316831044637183e+02,2.420676704113477911e+02,2.377810614630899977e+02,2.274098669961750545e+02,2.285884766648343600e+02,2.306795306893227462e+02,2.270732651873896089e+02,2.232048197611944147e+02,2.345007272094800328e+02,2.477949637386300026e+02,2.436050390595683552e+02,2.300294434608543384e+02,2.291484688847685902e+02,2.372297531711219278e+02,2.122675987026585176e+02,2.054418369336821115e+02,2.088403567458627776e+02,2.167365702836945331e+02,2.058717277695395182e+02,2.159398286570932726e+02,2.271703851854494189e+02,2.281294532077837687e+02,2.285627856583158461e+02,2.298763662370155885e+02,2.282793468127797212e+02,2.300424596251401113e+02,2.223989502504305165e+02,2.147535202810896351e+02,2.176156534980931951e+02,2.162311567242613251e+02,2.130868179786150733e+02,1.904384300046824023e+02,1.853601805596862562e+02,1.954217648116598980e+02,1.804194812156100909e+02,1.572196319480326849e+02,1.624346301644959851e+02,1.721474027875642889e+02,1.487604774211226299e+02,1.491361817010073878e+02,1.599840308165223632e+02,1.578310990964872644e+02,1.506637235144560805e+02,1.537483123574236288e+02,1.568865067047334492e+02,1.538135129675343080e+02,1.621344530338646450e+02,1.676533597509004210e+02,1.781067841251191908e+02,1.620871821515245301e+02,1.651380600172338688e+02,1.767289113835327043e+02,1.731530241500175578e+02,1.745940624679851680e+02,1.815520661726504557e+02,1.974579542615857122e+02,2.124882274905454267e+02,2.295045882507749013e+02,2.029269513580168507e+02,2.022953681268946866e+02,2.081719691599780049e+02,2.156962064486025952e+02,2.173022646051842344e+02,2.097211959256795808e+02,2.194555324539377352e+02,2.005531275015442532e+02,1.997786769314451476e+02,1.951884996610073415e+02,1.942338718684942478e+02,2.108697659224652341e+02,2.162125383963505953e+02,1.994477302420646083e+02,1.886811062603043183e+02,1.731070167867854082e+02,1.603849651384414585e+02,1.595121460845050194e+02,1.708422698202662389e+02,1.863341430912890360e+02,1.900302537642247955e+02,1.905843032811617377e+02,1.756283051854128132e+02,1.638413079175249720e+02,1.632567628425259159e+02,1.741715947003731344e+02,1.903940987771576090e+02,2.022982945026692789e+02,1.896893448300092757e+02,1.726050454562102630e+02,1.685069972704889096e+02,1.826862382856172076e+02,1.962370915827041813e+02,2.011857562082879838e+02,1.984060259944267273e+02,1.960199952100869041e+02,1.992521760421722092e+02,1.993536294256582551e+02,2.119833075025122184e+02,2.229220170133563386e+02,2.151489223982580654e+02
1.390263300100972401e+02,1.472782633250044455e+02,1.651679549543379153e+02,1.826364144706007551e+02,1.905337192137080820e+02,1.973737214101833501e+02,2.063735763458277290e+02,2.078245542994695541e+02,2.110956943683537474e+02,1.888469109318259029e+02,1.726972052002880957e+02,1.511513989386527896e+02,1.395734908406749923e+02,1.494495098120418106e+02,1.797492712643052357e+02,1.988421227206841024e+02,1.918519609382838382e+02,1.664351649023593325e+02,1.581531174727205666e+02,1.538057774934743236e+02,1.510579945476780495e+02,1.501444064944362538e+02,1.575205464714926507e+02,1.635903645960777339e+02,1.532574005982924632e+02,1.509768865659656853e+02,1.621116198233969499e+02,1.672854962760006288e+02,1.588306544394622222e+02,1.697992792836842568e+02,1.754732020755400299e+02,1.796037922046072879e+02,1.755319402395057296e+02,1.734150725116546425e+02,1.542606562478077308e+02,1.431482840262973468e+02,1.452431769146051863e+02,1.543225756365455368e+02,1.613324319630941943e+02,1.631905404917821443e+02,1.663019904477288549e+02,1.641254409491668866e+02,1.692855454782222182e+02,1.802115567857549649e+02,1.694943282723380378e+02,1.648999816740825963e+02,1.772544445403805753e+02,1.735262197091963969e+02,1.684671152269869197e+02,1.853929549040963423e+02,1.871087894921677162e+02,1.793135213999617008e+02,1.880570172453248006e+02,1.894989672243974042e+02,1.963784366274272770e+02,1.955841394202222716e+02,2.056534738794464374e+02,2.193165591330467805e+02,1.908272826491939327e+02,1.759740557443311957e+02,2.001644407674533568e+02,2.202507711488563871e+02,2.063827293770135043e+02,2.102866711499628707e+02,2.141256487225489877e+02,2.174418744931308538e+02,2.089427313730051878e+02,1.903859320640817145e+02,1.901009287324579020e+02,2.253326072248795242e+02,2.411148445249221481e+02,2.345643616526006667e+02,2.200429290839662144e+02,2.190527168954031083e+02,2.203641198662410261e+02,2.045857697912328206e+02,1.901109626507506221e+02,2.046757917124646440e+02,2.094952378530633723e+02,2.166363320338600715e+02,2.224583522915730782e+02,2.186026328619023502e+02,2.194318908114348972e+02,2.141593659276147719e+02,2.250132834424724990e+02,2.364219252701080052e+02,2.251261140847511513e+02,2.413248171102058848e+02,2.493015729018527509e+02,2.456859891287820119e+02,2.486643471553152551e+02,2.393545452449078539e+02,2.404865296951214191e+02,2.384678619099261425e+02,2.393360714860721430e+02,2.407133438275401716e+02,2.576698114465648928e+02,2.653442488123615703e+02,2.497720924008044960e+02,2.449144641333328423e+02,2.490857321810291580e+02,2.699614950584511348e+02,2.640007813148573064e+02,2.513458721917566265e+02,2.667463506346243776e+02,2.624371663045974401e+02,2.682745132660110698e+02,2.707941735363597786e+02,2.553781413328198369e+02,2.592255902738318127e+02,2.510805189469745926e+02,2.481621252042476158e+02,2.639494887514978245e+02,2.779181914230334201e+02,2.659765780824758394e+02,2.609638954899879764e+02,2.545945196966699768e+02,2.567818108836685838e+02,2.745201901366367565e+02,2.576379851965119769e+02,2.565586075760718927e+02,2.641731242138304196e+02,2.482082393470636248e+02,2.440177353872483650e+02,2.481001956994209081e+02,2.613367181682964429e+02,2.687774832106551912e+02,2.623580261186475582e+02,2.478442462074974628e+02,2.526062936800454395e+02,2.714735174725066713e+02,2.752927236459751725e+02,2.699128835343477704e+02,2.603089849936063160e+02,2.521952207981030938e+02,2.551696216898485545e+02,2.576111152445213293e+02,2.537826219367772183e+02,2.248506715215066833e+02,2.051587626986521400e+02,2.080322450466233590e+02,2.216824392516884359e+02,2.065061395963690813e+02,2.136063871918060499e+02,2.336463258197390758e+02,2.433664326228154664e+02,2.349625269474522611e+02,2.172577054402089516e+02,2.234610237410097966e+02,2.333463720461705293e+02,2.383471309526328241e+02,2.451895009166565842e+02,2.248115448077855660e+02,2.208436244317080366e+02,2.155090271369128914e+02,2.160719426886302017e+02,2.228510926397010508e+02,2.149605990182933510e+02,2.166339831013348487e+02,2.325252308171955349e+02,2.243135323470990272e+02,2.085784441174315589e+02,1.833949019065241259e+02,1.892861206274071151e+02,2.185165569550241571e+02,2.314951239550130140e+02,2.195259449383612775e+02,2.143179320876276108e+02,2.252909718662245666e+02,2.397726520179645604e+02,2.460305904889012254e+02,2.448987369731995898e+02,2.472246191481706603e+02,2.485491374733273915e+02,2.540489227849351721e+02,2.532274825637825302e+02,2.069425510505946875e+02,1.544839084168731915e+02,1.385815489846995092e+02,1.381948002901773975e+02,1.463421348672565898e+02,1.665182945564867509e+02,1.734590515544387586e+02,1.867168304083969588e+02,2.106487048224153966e+02,1.972386501500429290e+02,1.896536286384069001e+02,1.838043186515814966e+02,1.617966996991037547e+02,1.556431460274795597e+02,1.542502356189969817e+02,1.498287494825479484e+02,1.399712822492838313e+02,1.416405328066686309e+02,1.454284289249095536e+02,1.633098048977526560e+02,1.630719732724649305e+02,1.564325891648283573e+02,1.620977760343820933e+02,1.616832909402735368e+02,1.393710558852291399e+02,1.422254478202817438e+02,1.739859700478634181e+02,1.621000787700468777e+02,1.520675678895221381e+02,1.541297246577082092e+02,1.639493052088117224e+02,1.602061779054268129e+02,1.778208040887028574e+02,1.839744553422808622e+02,1.840777880203284553e+02,1.865346454336646502e+02,1.931728581757655547e+02,2.061369029012411147e+02,1.954319760680762954e+02,1.868064943081736828e+02
1.134235106991453677e+02,1.204222476864913176e+02,1.342511851050139171e+02,1.711304109012542085e+02,1.866258537716324213e+02,1.813265996381502418e+02,1.779706959984736727e+02,1.772274276799452934e+02,1.655195609208684573e+02,1.526637581302281319e+02,1.557730360184625056e+02,1.483281517321292995e+02,1.479599789140350765e+02,1.636629156167924748e+02,1.764324642322715420e+02,1.714821269919822839e+02,1.811670583950084392e+02,1.786249109837009996e+02,1.648087196530026972e+02,1.340802862340544834e+02,1.308538976235817586e+02,1.250904566682343386e+02,1.231390192472509710e+02,1.237765503719909077e+02,1.304675149420071705e+02,1.475407170565094361e+02,1.468045982999567514e+02,1.544118210085988778e+02,1.524340760373410717e+02,1.362462259762894519e+02,1.464943618042976254e+02,1.752549771684610391e+02,1.667607712036249836e+02,1.684449333808670133e+02,1.461931364963874103e+02,1.302863309647433425e+02,1.268132073291034487e+02,1.506956521413461871e+02,1.900680026748819387e+02,1.844892454565529647e+02,1.773163830869978597e+02,1.800968985948236991e+02,1.822259525125744517e+02,1.618854108061485135e+02,1.553579060060332608e+02,1.730663036708189964e+02,1.836679558351476658e+02,1.887386389728671645e+02,1.780555808498162378e+02,1.818347906211753298e+02,2.003864106652505939e+02,1.844720734086021139e+02,1.613831455743101060e+02,1.574024615068400408e+02,1.784617610732010178e+02,1.917577895911447285e+02,2.057371622783253997e+02,2.113892891904071121e+02,1.939547511798754158e+02,2.009237319851303027e+02,2.338281999168186189e+02,2.126793876712408462e+02,2.107722670881825024e+02,2.177101033970719470e+02,2.167445696160476700e+02,2.151383359121426508e+02,2.205226819179668212e+02,2.344571419066374460e+02,2.159937481464471603e+02,2.213238838061011791e+02,2.405977567527999099e+02,2.525908678928020379e+02,2.457487155902056770e+02,2.424521029941899997e+02,2.295898659711227765e+02,2.278653015810035640e+02,2.292689341693635754e+02,2.394316821393580881e+02,2.425559930197610470e+02,2.511342226976143195e+02,2.404495750274674606e+02,2.370577767032148131e+02,2.476699814230877053e+02,2.487922256298306252e+02,2.297759488583794791e+02,2.096101480711567433e+02,2.166629536396414437e+02,2.325141793674968085e+02,2.449954799172825801e+02,2.587150434716915015e+02,2.618179677537573298e+02,2.610568669719703507e+02,2.647470120522185084e+02,2.627816197880845266e+02,2.695102005254564688e+02,2.582557944858068026e+02,2.613549993077970157e+02,2.619066012251537927e+02,2.653209166516095365e+02,2.338103839023519015e+02,2.322321671434536370e+02,2.572979352213583866e+02,2.727881885497299663e+02,2.565675823835858864e+02,2.545988366332510964e+02,2.621715510160790359e+02,2.695104323741936128e+02,2.639113859466584131e+02,2.617560190472408976e+02,2.675815617677674823e+02,2.574477175809383880e+02,2.507886048997330590e+02,2.528327914858272152e+02,2.584119334633173253e+02,2.741910234317644495e+02,2.684469686147804737e+02,2.656584015370115139e+02,2.650650579502257642e+02,2.641555892348884527e+02,2.504060224731004496e+02,2.478915719637858501e+02,2.550025294018052762e+02,2.607477013520307878e+02,2.643725949432776474e+02,2.630458617948344795e+02,2.671245639583994489e+02,2.725606785050769645e+02,2.780821488291368269e+02,2.568948655554077050e+02,2.610788778198625550e+02,2.542770067259769462e+02,2.481889625227660190e+02,2.497718847434456677e+02,2.547248628148635987e+02,2.568251441600907015e+02,2.675835024212843791e+02,2.642377809605772541e+02,2.619820356956875003e+02,2.467295200019862875e+02,2.214345693861255313e+02,2.052946121075021324e+02,2.154800956479423348e+02,2.107382500060803636e+02,2.005487788394698896e+02,2.118767127173632332e+02,2.376538686306857926e+02,2.307670887023890032e+02,2.346147515119668583e+02,2.358037681240863321e+02,2.421682418930356278e+02,2.661795766235520659e+02,2.572186344172538952e+02,2.438963824459375473e+02,2.396957286967416962e+02,2.479053818752066150e+02,2.510946709355160351e+02,2.592480981686873065e+02,2.593427824364144385e+02,2.594906630379115313e+02,2.552645137044329999e+02,2.390118272725665918e+02,2.344853636797100478e+02,2.119436465216679153e+02,2.143432617204411201e+02,2.515905368543129725e+02,2.568440736946146217e+02,2.170606494743393000e+02,1.986972892874815386e+02,2.136366789310401941e+02,2.376156216667416743e+02,2.409390081330041085e+02,2.395451142378221903e+02,2.229538831474396545e+02,2.219645326092781374e+02,2.352630883734548206e+02,2.312864319958441683e+02,1.825016831652246196e+02,1.382356385897205655e+02,1.303139512745081561e+02,1.344046638001664746e+02,1.381104695724156670e+02,1.558774076820712366e+02,1.620109444972059691e+02,1.660244019401680191e+02,1.714024208860249701e+02,1.762883564605633921e+02,1.812727716274418697e+02,1.797000207041233466e+02,1.693945615385487713e+02,1.680401476398119200e+02,1.583147974286569308e+02,1.351788449022787688e+02,1.214306430819728462e+02,1.338008193311236766e+02,1.392891646385556896e+02,1.435028988223659780e+02,1.401942122558689334e+02,1.427115129016068522e+02,1.406181610182531756e+02,1.491608176876517859e+02,1.390625251038835302e+02,1.277049674745652226e+02,1.331721262106889867e+02,1.316358812100341993e+02,1.259658572647323354e+02,1.261526614815205676e+02,1.465224338435296261e+02,1.597013970022478588e+02,1.738930589911443292e+02,1.564729126885744961e+02,1.502027475565568011e+02,1.687050750883640546e+02,1.767946365701817228e+02,2.006245287401368955e+02,1.916841098645031707e+02,1.771723507470728975e+02
1.404271192893700686e+02,1.456552026369196540e+02,1.654579735636064015e+02,1.799306828285873792e+02,1.916898326007929256e+02,2.134463421727701871e+02,2.134207775884515570e+02,2.079173745224662753e+02,1.869562851097578005e+02,1.799377142762526773e+02,1.938276072764752485e+02,1.984075615850131271e+02,2.164299898948361545e+02,2.063679587200713286e+02,2.111173733135451016e+02,2.133225569655559752e+02,2.206120769822682064e+02,2.433162893718413784e+02,2.173416905893391231e+02,1.777100952059683436e+02,1.719265725030594467e+02,1.811122830643088264e+02,1.727906580729555515e+02,1.682053323332799550e+02,1.802991493728573573e+02,2.025908623250973903e+02,2.149903933589997678e+02,2.239299139638024485e+02,2.123935367703663246e+02,1.950899767539031018e+02,1.986712589146647474e+02,2.218774101367787353e+02,2.210464539909403641e+02,2.277958153348545238e+02,2.261099308502363385e+02,2.272869572722426312e+02,2.174951698582501081e+02,2.239314795682073509e+02,2.368309593146429108e+02,2.346904164367616374e+02,2.343935123463712102e+02,2.349073988148550711e+02,2.164663387843099258e+02,2.195548315883686428e+02,2.340164882834134232e+02,2.238646960491018376e+02,2.262504865946283701e+02,2.441516540947423550e+02,2.412027199514891720e+02,2.423015289598764923e+02,2.455981141885810075e+02,2.390349727304450766e+02,2.295242912502847048e+02,2.197093531131110922e+02,2.274546250436003447e+02,2.301253954458099145e+02,2.234819727885745806e+02,1.967388349725700039e+02,1.664846982269230864e+02,1.621013508201999684e+02,1.755868736870490636e+02,1.788995628777215643e+02,1.764219732966647598e+02,1.874982654676839502e+02,2.090183885589289901e+02,2.092504586947326857e+02,1.973444031915761059e+02,2.113272628110806011e+02,2.242656575352113464e+02,2.232840120714137697e+02,1.838594751025619871e+02,1.739488196914410310e+02,1.870809556858763756e+02,2.395835096621355547e+02,2.308832199506905454e+02,2.127428187224593898e+02,2.129243797019890678e+02,2.222297967322050738e+02,2.349345333281911508e+02,2.117729020838734471e+02,1.932753079469015915e+02,1.912863567219833385e+02,2.111327478985548112e+02,2.557648246214276355e+02,2.662782052340540986e+02,2.467418256713075095e+02,2.320814489646036805e+02,2.278598483538157495e+02,2.343627505814160088e+02,2.215318249119586369e+02,2.277020389541696375e+02,2.489788322453368323e+02,2.559254062999727921e+02,2.565367924075886776e+02,2.579591486837748562e+02,2.651654379142792664e+02,2.708958668045956983e+02,2.843393809537659536e+02,2.718942009512766163e+02,2.426441551382933426e+02,2.378425937238585561e+02,2.489231205823060691e+02,2.544866327863460356e+02,2.470708893551616256e+02,2.471443786143518082e+02,2.606902976700877730e+02,2.468470131747286587e+02,2.434767186959580272e+02,2.535290107436763662e+02,2.650828346519012939e+02,2.648109543252054436e+02,2.450500284016845001e+02,2.362838543258200730e+02,2.451412333752156201e+02,2.634728203593219860e+02,2.556448889663202806e+02,2.464548055111813483e+02,2.421507496462723168e+02,2.467045408205487433e+02,2.428153724369519466e+02,2.357137124392818635e+02,2.353931556238472922e+02,2.512941094175325816e+02,2.588792759134435641e+02,2.474146206708631723e+02,2.501504351693424155e+02,2.480217950186252835e+02,2.491173721212122700e+02,2.345758810346258088e+02,2.391232804287043905e+02,2.477869650286413616e+02,2.367139437875805470e+02,2.271348922155628713e+02,2.372623463014900551e+02,2.485754831311471378e+02,2.598620357677908146e+02,2.337360911389548050e+02,2.331499532394254857e+02,2.421940320378886327e+02,2.557114889434689644e+02,2.289827622217076737e+02,2.252761199931668443e+02,2.439218584245488728e+02,2.260367983409433918e+02,2.304476092760064887e+02,2.328076771590480121e+02,2.254646715282042067e+02,2.185148253118340449e+02,2.310249485630428978e+02,2.553573387637273129e+02,2.619389942132342526e+02,2.445550538634471707e+02,2.267317059176459679e+02,2.348034680105511143e+02,2.472812881720693952e+02,2.397581785065255531e+02,2.485102820107333628e+02,2.470924196863268492e+02,2.420285354524592947e+02,2.454001540027687440e+02,2.408312162046967160e+02,2.445999251460427786e+02,2.580564057521695531e+02,2.351685728155649429e+02,2.351471577370978707e+02,2.572461377183688001e+02,2.166607213222167161e+02,1.690382856385314199e+02,1.574792111700827775e+02,1.839326747041400836e+02,2.090777991913313656e+02,2.118281504151527770e+02,2.054959486800970581e+02,1.932988295662333655e+02,1.970299692836491374e+02,2.116941974573092864e+02,1.947186697010580758e+02,1.927019534701582302e+02,2.008677667125867856e+02,2.095837302641824351e+02,2.148748955875302329e+02,2.054188226903159489e+02,2.017168753671624870e+02,1.945876950756518511e+02,1.960505158722001795e+02,1.970773391906656116e+02,1.838380185615335733e+02,1.872401948104619009e+02,1.949309987297487510e+02,1.987166149218874125e+02,1.888834541427131626e+02,1.657381897047736459e+02,1.609324823975854315e+02,1.693489186459188716e+02,1.726591151189467155e+02,1.613749550430829061e+02,1.581994894218643140e+02,1.703439626172532257e+02,1.684516914636104161e+02,1.646219498922542073e+02,1.754563496241931375e+02,1.758933655417576460e+02,1.700837561663076940e+02,1.671296971358116821e+02,1.588318741421660718e+02,1.624428520385435206e+02,1.848251340308092665e+02,1.975773859754157513e+02,1.944861128801310031e+02,1.905875579689553661e+02,1.868184131162994674e+02,2.122385900951252609e+02,2.162662375950576461e+02,2.213189305440544956e+02,2.279418943021788664e+02,2.176357843321140422e+02
1.927560431558428604e+02,1.877811073638939661e+02,1.910710989916047993e+02,1.925961537564714945e+02,1.903384467974367737e+02,2.009371586876937386e+02,2.188153100203066117e+02,2.209918307743857042e+02,2.162720973106766849e+02,2.177410008956152865e+02,2.069141321106074827e+02,2.137100328023508382e+02,2.284540954077273796e+02,2.156474195052904577e+02,2.343539576607341814e+02,2.527207267288897299e+02,2.514498708129975455e+02,2.529809378737271288e+02,2.405578833616438885e+02,2.258977343382474601e+02,2.280497402705837828e+02,2.462574022725531506e+02,2.468234227466415405e+02,2.320182924777743096e+02,2.376671106559439863e+02,2.506310818621624321e+02,2.634025373758845490e+02,2.371197809808817283e+02,2.234342097601861781e+02,2.339937019016545037e+02,2.428345190771609339e+02,2.554783870422449468e+02,2.395067033655543014e+02,2.383994913499914787e+02,2.546981481676458827e+02,2.719963271703996952e+02,2.633712493933949190e+02,2.530659535048025930e+02,2.555919571553033052e+02,2.607848157766269424e+02,2.475963745625203956e+02,2.293822989779968680e+02,2.326978690439230490e+02,2.500321503011814457e+02,2.633953939821126369e+02,2.502267587714637500e+02,2.414568078270899605e+02,2.428190616041105159e+02,2.507547792550955137e+02,2.661451769981218831e+02,2.652325026787320894e+02,2.633193952557826947e+02,2.589691361832487928e+02,2.667477886618794400e+02,2.553759275148309484e+02,2.423851421337691363e+02,2.136836234960181855e+02,1.699255860447391342e+02,1.448241362146180506e+02,1.399427809450716609e+02,1.523014421309948716e+02,1.738179868689425120e+02,1.686477143471262821e+02,1.754834154928887529e+02,1.851509840484814902e+02,1.869904705063437973e+02,1.893699310676026357e+02,2.074153395962418074e+02,2.046478208003223926e+02,2.026784753173702711e+02,1.894507959246641349e+02,1.771221272186513431e+02,1.789158817887567068e+02,2.108931440486600764e+02,2.237113466550427461e+02,2.167424847573879845e+02,2.179327592381031593e+02,2.070158598999241235e+02,1.900199853106431078e+02,1.906137667264580671e+02,1.816079487631408256e+02,1.822668485108248433e+02,2.035642693730517863e+02,2.352717547078099471e+02,2.361048651182009905e+02,2.267102186281281320e+02,2.166742614581447981e+02,2.113123105089080980e+02,2.000046583918439183e+02,1.995425976008021962e+02,2.159040315770731127e+02,2.400431955855686965e+02,2.559936741910308626e+02,2.556851883245866475e+02,2.506866827875153376e+02,2.377408836010450841e+02,2.468712914835969912e+02,2.642297440166393017e+02,2.514101714961767584e+02,2.565808443860672696e+02,2.556761016169861023e+02,2.624969883728302307e+02,2.579910556787362452e+02,2.646051112365935296e+02,2.624650774091533094e+02,2.643515514468551828e+02,2.585157978771723606e+02,2.472004662320012471e+02,2.449622942209433916e+02,2.538800317750988711e+02,2.518440144418233615e+02,2.555213939630648383e+02,2.593380544832410237e+02,2.554493679643392738e+02,2.539531123713231864e+02,2.583836814035930729e+02,2.617417743635000420e+02,2.540596092170372913e+02,2.456565566561151286e+02,2.517699470339969707e+02,2.637362270625034171e+02,2.570917663423552995e+02,2.634153434967529392e+02,2.675379648514801829e+02,2.575795475042421003e+02,2.525759166485981950e+02,2.508616540475730403e+02,2.525738567004306105e+02,2.554148369804707954e+02,2.604525025022340969e+02,2.606766875294828196e+02,2.593769009396414731e+02,2.576337322350329373e+02,2.480258169330929832e+02,2.374205962909742595e+02,2.429192430573806121e+02,2.537815476732865818e+02,2.626210949129991263e+02,2.607984448261929629e+02,2.674748009240457236e+02,2.615046216701510389e+02,2.284357837590524696e+02,2.272853237395011092e+02,2.367052900896651693e+02,2.518180141783085730e+02,2.705478792460934301e+02,2.488331266093380236e+02,2.345768144897083971e+02,2.495781071412358756e+02,2.590264325071273674e+02,2.501652819527537304e+02,2.541654103434439946e+02,2.502811423492051688e+02,2.467866431894127288e+02,2.418326948274765300e+02,2.393776169177830866e+02,2.438959942764961397e+02,2.465730224571280473e+02,2.489036632578680894e+02,2.454158118943852287e+02,2.578695765978088161e+02,2.635722460393180313e+02,2.589106963720250292e+02,2.473772786091170417e+02,2.508632182516663249e+02,2.497101137608028694e+02,2.258532097131384546e+02,1.884775931741864383e+02,1.748925858467895580e+02,2.028757716450327280e+02,2.184133512554532786e+02,2.182591850332838419e+02,2.108222958181826243e+02,1.945729189084890720e+02,2.072361601147150907e+02,2.258742831921925074e+02,1.992391157613654968e+02,1.993873637138637775e+02,2.089433662737018267e+02,2.168309679857443939e+02,2.148439728874970740e+02,1.992034345107772708e+02,1.934401653568779977e+02,1.982460402351676976e+02,2.047739821357172900e+02,2.051721572782290650e+02,2.026469084228284885e+02,2.205031989833238697e+02,2.182918535006735397e+02,2.072352127936303532e+02,2.066072194547624008e+02,2.078281511144983824e+02,2.014423806345461117e+02,2.158925916049847160e+02,2.175433662820595373e+02,2.188678864765051912e+02,2.320082464615804838e+02,2.223791457686587023e+02,2.170209810048311283e+02,2.084703000584543702e+02,1.974597008082915863e+02,1.969646943596453639e+02,2.144729516409524308e+02,2.260808997249524452e+02,2.265447087538958328e+02,2.344351719376320489e+02,2.234053201571465195e+02,2.056148900850376435e+02,2.061321148070217077e+02,2.252402691244161019e+02,2.317081210263478113e+02,2.322998162200652814e+02,2.395329485178578466e+02,2.537128572664802846e+02,2.370891762699454830e+02,2.213686667354821225e+02
1.770422264965764896e+02,1.831764800351827489e+02,1.882164630811833206e+02,2.008635374812564010e+02,1.971310549146276685e+02,1.835426832484178590e+02,1.860643484800533543e+02,2.018283542653776408e+02,2.078500066314646233e+02,2.032534885344017823e+02,2.088668165410286974e+02,2.161880121353433708e+02,2.205437634206112989e+02,2.085250593114648723e+02,2.160318714295747213e+02,2.337237497822927708e+02,2.434772778042204209e+02,2.395862766441104839e+02,1.857014215691836796e+02,1.625044062139385233e+02,1.638469266750018676e+02,1.721170350470613357e+02,1.627799476732688788e+02,1.460500320466614994e+02,1.485761560025733274e+02,1.655276278442025273e+02,1.661875226298391510e+02,1.650962830428356369e+02,1.641877455608774312e+02,1.643080523354505260e+02,1.525041921063416623e+02,1.546458994314108395e+02,1.567608345769513676e+02,1.667241539217596369e+02,1.659170821370867941e+02,1.520124908173356459e+02,1.550138402536728393e+02,1.619359005540341343e+02,1.578365254124791761e+02,1.555795907237343272e+02,1.515161448945348184e+02,1.581463872445132779e+02,1.722573598768090335e+02,1.727775774402930153e+02,1.753697119177416823e+02,1.917350876257083598e+02,1.887702702362314540e+02,1.771732115535767491e+02,1.798161812955408436e+02,1.778839747302641285e+02,1.913506461592924950e+02,1.971296552441882284e+02,1.946426435282688487e+02,1.996662597018094516e+02,2.154262919448070761e+02,2.114571423126252796e+02,2.125912960326272980e+02,2.162608021427067797e+02,2.089970610342868440e+02,1.890253722373291794e+02,1.918689623263587407e+02,1.990320139372726942e+02,1.969562449159340645e+02,1.677804703827189599e+02,1.563525574348368536e+02,1.770076478339141204e+02,1.764577975455241301e+02,1.740822744637164874e+02,1.910971583592324805e+02,1.810173915861318505e+02,1.812343635891699876e+02,1.716400256628026568e+02,1.767028036411415144e+02,2.006906156443658631e+02,1.895029707824257628e+02,1.798912930419387521e+02,1.837801337426020325e+02,2.139294375549241067e+02,2.108751847510829975e+02,1.950477517004852359e+02,2.067266709764850248e+02,2.159182213212089607e+02,2.099375360480300685e+02,2.073878591719973485e+02,2.299525485206086159e+02,2.291657251333359397e+02,2.317629544377988964e+02,2.162174499673147068e+02,2.099240664669025875e+02,2.211854041690045563e+02,2.393898402224539836e+02,2.439205926726270945e+02,2.529517487482602291e+02,2.661554081420297280e+02,2.582862909151813824e+02,2.531661522029367859e+02,2.634462931971107764e+02,2.621667896537413185e+02,2.357649484437357046e+02,2.370464762038049287e+02,2.242376318080393958e+02,2.155443129513354279e+02,2.097761943687200983e+02,2.028340557133484481e+02,1.819236567912968496e+02,1.823956063209495824e+02,2.005411664904431177e+02,1.982861398979897274e+02,2.015327677516524432e+02,2.106581036286477513e+02,2.184524681037475773e+02,2.326754133350572715e+02,2.330328711649330842e+02,2.268896872377472391e+02,2.138139897558069151e+02,2.224265077441646667e+02,2.372779907664802863e+02,2.497891048350342373e+02,2.349849079169046036e+02,2.358795893836195319e+02,2.550176004067702422e+02,2.554683593411314746e+02,2.429789363468925103e+02,2.477663655059738232e+02,2.359074358276756129e+02,2.331067051425584964e+02,2.447562304936308806e+02,2.479302209783855062e+02,2.389586349838529884e+02,2.193768490830869098e+02,2.210328546690602138e+02,2.291764620504687855e+02,2.070840769776024501e+02,1.966296342642624495e+02,1.812725634923137648e+02,1.744895858283373400e+02,1.878786646279705508e+02,2.021211406428292889e+02,2.079229757780535124e+02,2.008532062825715059e+02,1.832984579400437894e+02,1.820563490406113374e+02,1.624064438663305054e+02,1.648350668317724796e+02,1.785271900492719510e+02,1.865976224360613287e+02,1.942454504970145308e+02,1.942887944370465618e+02,1.934574207124917962e+02,1.933752487264037825e+02,1.982213918397389136e+02,2.155655024131693835e+02,2.196216041219485362e+02,2.102407037917750472e+02,2.130177062978671643e+02,2.100838993327431297e+02,2.165230450381220066e+02,2.125653807682648448e+02,2.203007935445934606e+02,2.250996518963832500e+02,2.232449504024230009e+02,2.249400272319969929e+02,2.254113558301305034e+02,2.340339584569489375e+02,2.238809910922966253e+02,2.209753873451271033e+02,2.125455513583148104e+02,2.068578751025436588e+02,1.978715807520310364e+02,1.893426365080127880e+02,2.062135281177122010e+02,2.060862198973503041e+02,1.882713434300486313e+02,1.851313690261879117e+02,1.920704045308432626e+02,2.083500913833613879e+02,2.217741482839452374e+02,2.043859762385903025e+02,2.010350362024956610e+02,2.220627679185894863e+02,2.412094113208706290e+02,2.387704685873526671e+02,2.217347518655402610e+02,2.220967459825081107e+02,2.406336838094714494e+02,2.345837841293226802e+02,2.241328940173163744e+02,2.300646737720446708e+02,2.376207931629121788e+02,2.357758341266757611e+02,2.271455498526939039e+02,2.255252246819889024e+02,2.133042414280803882e+02,2.101897084961466362e+02,2.124072319370235959e+02,2.130734787079345267e+02,2.171720683690515443e+02,2.186587982098367888e+02,2.240089302894733123e+02,2.335621724363289218e+02,2.173108809429802477e+02,2.158524874636133859e+02,2.268778682399326385e+02,2.180500688394093913e+02,2.335482911754405961e+02,2.569929972950599790e+02,2.459092123492654594e+02,2.356397832715665857e+02,2.304445439753793607e+02,2.201977829773330768e+02,2.165191533241191166e+02,2.289017877931800342e+02,2.446443059906443693e+02,2.340804613878962073e+02,2.191809832941490015e+02,2.158244323486497933e+02
1.946090516628169382e+02,1.968986112528228034e+02,1.953826769602486593e+02,1.992860847125201644e+02,2.007684483153613826e+02,1.982153297740646565e+02,2.020399951682157393e+02,2.153600772850149667e+02,2.210485861212435168e+02,2.166009823609761042e+02,2.064729380115601600e+02,2.154174879340502855e+02,2.358990993587215712e+02,2.299791357762233588e+02,2.368888235407060279e+02,2.577939899545299909e+02,2.498940950141721942e+02,2.298162173739568743e+02,1.836348625675057917e+02,1.622107964064367422e+02,1.455547549974961044e+02,1.426582296862428620e+02,1.436991398746652919e+02,1.302103189591738328e+02,1.337523955380328573e+02,1.558046243859037077e+02,1.595623948324973469e+02,1.415695847721457028e+02,1.425885079776432178e+02,1.479296696777500699e+02,1.369893201092002641e+02,1.416238633584275703e+02,1.596521178043171574e+02,1.667351264805365929e+02,1.393166379935243526e+02,1.236934026159270275e+02,1.220893785962454672e+02,1.330792181570640196e+02,1.282778273323191627e+02,1.390502938932322650e+02,1.422215858035352767e+02,1.479450387369501243e+02,1.424382538672973055e+02,1.453264557429696993e+02,1.546099144573746855e+02,1.540572543468285573e+02,1.514025672855077005e+02,1.618165156555699582e+02,1.767816978367713432e+02,1.722625815451241920e+02,1.910849677944254950e+02,1.831786468518980087e+02,1.759298205901586130e+02,1.890843795778809806e+02,2.019594469205358394e+02,1.970745167981513077e+02,2.093206615455537190e+02,2.166348976200550283e+02,2.176631047840169515e+02,1.967791772749922075e+02,1.787876250534781377e+02,1.497089843035792285e+02,1.437610789424847155e+02,1.492350360192099288e+02,1.455195954999635717e+02,1.627093808207290806e+02,1.537325987460728243e+02,1.498728165688551996e+02,1.644350391198333057e+02,1.480861290696707897e+02,1.569970865010740226e+02,1.568619088157433907e+02,1.666300128890408416e+02,1.863809070985960261e+02,1.761885639821801419e+02,1.644211245754461856e+02,1.698688876290153473e+02,1.796819919119346025e+02,1.622770258651305824e+02,1.600053006927221873e+02,1.954586670735304779e+02,2.054728901654941637e+02,1.967774633223205001e+02,1.914278245007968451e+02,1.911295954225756191e+02,1.890500332573795390e+02,1.949074124542410971e+02,1.866879801304496880e+02,1.916778940227975454e+02,1.952752928666560024e+02,2.003465055341044661e+02,2.148926267226594007e+02,2.243209053782697993e+02,2.326254161299422663e+02,2.443282212755876799e+02,2.361934843802508794e+02,2.396119004836479007e+02,2.504455415873329684e+02,2.114183828611050444e+02,2.041411852079503433e+02,1.909144659545742115e+02,1.901376406313165432e+02,1.927331208480676707e+02,1.841284715074663723e+02,1.659674866219819194e+02,1.615251207141576515e+02,1.740572930668616607e+02,1.896788857109923470e+02,1.881881931491041087e+02,1.866079489732008483e+02,1.920116782978979586e+02,1.899061022224441047e+02,1.988786351231800609e+02,2.055856845295278958e+02,2.038502221304128739e+02,2.174102946939777041e+02,2.283546788923392228e+02,2.319052645194041418e+02,2.163585994954866578e+02,2.184374634573758556e+02,2.315480327982519100e+02,2.455586522201451771e+02,2.165201763811357694e+02,2.190157139914419133e+02,2.318212439620984355e+02,2.464117240910707380e+02,2.347881841971471886e+02,2.171431631926305101e+02,2.046852419737549269e+02,1.874205559244668393e+02,1.791523979978178716e+02,1.644146717338229280e+02,1.517894696782963138e+02,1.444981669291062474e+02,1.432261844230538372e+02,1.332044705494834318e+02,1.341265406854736000e+02,1.433245525978233275e+02,1.395919649104329210e+02,1.357370986393811165e+02,1.338048886075566202e+02,1.358273844807641524e+02,1.189181396453153781e+02,1.193171955365399270e+02,1.219415059760035547e+02,1.214105547097653357e+02,1.286988898403459132e+02,1.380877880042771437e+02,1.426719514585249158e+02,1.545264350938894040e+02,1.497713789113152814e+02,1.649091854873429099e+02,1.762475416184544201e+02,1.753759594639715260e+02,1.931481657285413576e+02,1.943117585629095174e+02,2.067369630144242478e+02,1.944034441953562009e+02,2.005677438747463839e+02,2.011355974192047711e+02,1.941644532018704581e+02,1.958155134990651050e+02,2.091450263440710273e+02,2.156254923975520796e+02,2.032824625006226995e+02,1.934524910375396018e+02,1.909604716769811148e+02,1.911985139823023871e+02,1.715249386919608696e+02,1.681595640726363854e+02,1.949935128205424917e+02,1.890777942417721533e+02,1.733295565460395551e+02,1.719276984744573156e+02,1.854306856453022476e+02,1.992619160966393679e+02,2.146969687850117623e+02,1.930866690100455116e+02,1.795472515999759082e+02,1.815931520285710690e+02,2.026174186889252269e+02,2.207057036553258058e+02,2.190177156707252379e+02,2.225378097822291465e+02,2.147796417370872177e+02,2.200124218952036301e+02,2.147853529338049725e+02,2.275934350431064672e+02,2.388701856420217950e+02,2.402604673560897766e+02,2.098896050976527761e+02,1.926290602637547238e+02,1.854378312979777661e+02,1.823032445811386992e+02,1.754429786587825220e+02,1.835868781708975916e+02,1.844860951583933684e+02,2.060310647763253655e+02,2.256809269703028633e+02,2.220807726038450767e+02,2.159616522758788051e+02,2.117130849397968575e+02,2.219447430760830855e+02,2.303675297293384006e+02,2.343971849383875679e+02,2.304392389431586707e+02,2.379697135311882050e+02,2.409026039504255152e+02,2.320421128711789720e+02,2.306507310909826458e+02,2.360804632218748793e+02,2.569738470102305996e+02,2.526071956206729112e+02,2.544464889470568778e+02,2.271933282687129747e+02,2.192244891800988285e+02
1.928338910029478086e+02,1.892029560609306600e+02,2.004894562868096557e+02,2.078373486913259001e+02,2.074697595891768174e+02,2.200236821794659647e+02,2.205189356856083123e+02,2.318532671516090318e+02,2.217377840900856256e+02,2.114515013863222350e+02,2.090908522802750724e+02,2.182108626721536666e+02,2.336840234260164948e+02,2.349799726095541530e+02,2.423336722162048318e+02,2.515109593627351217e+02,2.578268422736441607e+02,2.542825584459198467e+02,2.211125337079466249e+02,1.993827534451182260e+02,1.795789579820299764e+02,1.642955921133327308e+02,1.693303709716040544e+02,1.693427387862311093e+02,1.734672967638251748e+02,1.794306321223276086e+02,1.714729496073589132e+02,1.675702227456814342e+02,1.747113681135355137e+02,1.850647133134252158e+02,1.828887758032978184e+02,1.883225592374583357e+02,1.924092226648688779e+02,1.785262072279805352e+02,1.638731686683315161e+02,1.559238388666766753e+02,1.574335741859723043e+02,1.645951300361546714e+02,1.765738792486985176e+02,1.981830951803122787e+02,1.935779603082410745e+02,1.892569372201716362e+02,1.761148874532195805e+02,1.779405876293199071e+02,1.872848382004102064e+02,1.874685569839679147e+02,1.885262901471387522e+02,2.082685611914051833e+02,2.127743330179458212e+02,2.239372087663157913e+02,2.200998941423395650e+02,2.051360621111312810e+02,2.025549051921138926e+02,2.051835262309357972e+02,2.069392193151399510e+02,2.113244390284791905e+02,2.269527623222244870e+02,2.277039317894372346e+02,2.343904923034194212e+02,2.153560523399766566e+02,1.995441835446000027e+02,1.767665875539526326e+02,1.709854693946646478e+02,1.691051421453902606e+02,1.769322813848375802e+02,1.870053180004111937e+02,1.815282647546165435e+02,1.864072202942646754e+02,1.878578527751426748e+02,1.777389898634704082e+02,1.884979453588975389e+02,1.990489729417927549e+02,2.108785206657640572e+02,2.058232983567775989e+02,2.086000337546234675e+02,2.101549345471058530e+02,2.049797101204307523e+02,2.008741708817100573e+02,1.857324884273392911e+02,1.884955087545528158e+02,2.154734994877963175e+02,2.279139455524411630e+02,2.352027078794439490e+02,2.234212750214975927e+02,2.282228632384093032e+02,2.349370252300663537e+02,2.334138164076164230e+02,2.376876112873316629e+02,2.493553018615098722e+02,2.369731894336355253e+02,2.399649362584871710e+02,2.374650904224425005e+02,2.525474269994332701e+02,2.658105805167477342e+02,2.731193050699481546e+02,2.632469799131918080e+02,2.663704460078207603e+02,2.736734897661060018e+02,2.449777132211365824e+02,2.394208116874780785e+02,2.370769564078464384e+02,2.421932706382818310e+02,2.497882310908607906e+02,2.522060417629441247e+02,2.400513990001429647e+02,2.331679398533870540e+02,2.245071720640551405e+02,2.304306830783104942e+02,2.225760703920892070e+02,2.405199781779223542e+02,2.270461813283465062e+02,2.152079007945269780e+02,2.311523070385627250e+02,2.324635168900169901e+02,2.394494487096327191e+02,2.616522791645766688e+02,2.678038571246512447e+02,2.652203380507786505e+02,2.410552295927464854e+02,2.423061225009562918e+02,2.486859905103205506e+02,2.508746492657589897e+02,2.444527721721468652e+02,2.489819612614863047e+02,2.600246358490669536e+02,2.503795612178084866e+02,2.520709826024886979e+02,2.389285462500270114e+02,2.099196298251620192e+02,1.982614774893455660e+02,1.939097071971676201e+02,1.783271546980409425e+02,1.866750900061408629e+02,1.855630071549345814e+02,1.901793984707146592e+02,1.675794668056930163e+02,1.502031688891768226e+02,1.483498948494484466e+02,1.440827814908345772e+02,1.485969051525998452e+02,1.501301531932793409e+02,1.636861261680190864e+02,1.494342209561309573e+02,1.469179087134035626e+02,1.529861319598592218e+02,1.461370630937719852e+02,1.538085596891426405e+02,1.655468873221351771e+02,1.758927889363177428e+02,1.768577035460308196e+02,1.688484043220310582e+02,1.800404498278066399e+02,1.963583035088600184e+02,1.963498624127379912e+02,2.118060068085979708e+02,2.117547372364694809e+02,2.210465956495208957e+02,2.086271692112221388e+02,2.118923727836128705e+02,2.078014021106220355e+02,2.053670239867847727e+02,2.245316965303063341e+02,2.390006613864603651e+02,2.384971658850005554e+02,2.364366018966691172e+02,2.270468606268011911e+02,2.211136526125460477e+02,2.271954228389509467e+02,2.263644926712945846e+02,2.097071256357443474e+02,2.157112007622501437e+02,2.246838891697029794e+02,2.113679491999094751e+02,2.135876183454146258e+02,2.324796347578782161e+02,2.460453277332706534e+02,2.321334335827604605e+02,2.211816041075707915e+02,2.185204660144074182e+02,1.960639053008456756e+02,1.999818329692710961e+02,2.284647588960720554e+02,2.263122004321828058e+02,2.141638874315652856e+02,2.120929582145854226e+02,2.286865893820180133e+02,2.315430557226658266e+02,2.359423613198664782e+02,2.468898319474216123e+02,2.418131597296647612e+02,2.147136222262552110e+02,2.070741872550356959e+02,2.103296745152478024e+02,2.176207185341235117e+02,2.114762834585105793e+02,2.073506367480374024e+02,1.959273930172536780e+02,2.080540618903360723e+02,2.248520112562003135e+02,2.224940166320610899e+02,2.140782898802226555e+02,2.100538496256487804e+02,2.121622387497369289e+02,2.256061412331252711e+02,2.176713238746562809e+02,2.186685820036241239e+02,2.415806008108838796e+02,2.520445202803417146e+02,2.420671027398884405e+02,2.281744533967640223e+02,2.043315381452530346e+02,1.941305269780959861e+02,2.042170385779552078e+02,2.244479867196974681e+02,2.220319999294801505e+02,2.228389831169455420e+02
2.064936827246074813e+02,2.194821243373756090e+02,2.238455204729226580e+02,2.140216628010894055e+02,2.126180349839689256e+02,2.269877438830775418e+02,2.593244858287179113e+02,2.643184317317511614e+02,2.293272507994584828e+02,2.205290967207329231e+02,2.278233406682913653e+02,2.237631910352501734e+02,2.116156337448352645e+02,2.161146804547005331e+02,2.294527735543441622e+02,2.375600285030151610e+02,2.378203145482310106e+02,2.256266184944303745e+02,2.004934467143994254e+02,2.135185471749870771e+02,2.321997793235927929e+02,2.168831202884043137e+02,2.292329578741703529e+02,2.330359748103832089e+02,2.340251025537016858e+02,2.202234094858899311e+02,1.931472355306486861e+02,1.846667202117697855e+02,2.004939014436628497e+02,2.264224423470773218e+02,2.366338304575918130e+02,2.351477192955231601e+02,2.188004017303155706e+02,2.045790674837342920e+02,1.957313580559813886e+02,1.921826357762847124e+02,1.790708988053307280e+02,1.920805377730445969e+02,2.172397098971005391e+02,2.417535607792964640e+02,2.324468397402501409e+02,2.191562390828472360e+02,2.049493316462506982e+02,1.883656343141502987e+02,1.979759533905185549e+02,2.144998836252696321e+02,2.051595394690652370e+02,2.224142729458259282e+02,2.431497395765145200e+02,2.416429435169719113e+02,2.423396271833961464e+02,2.172640088273864762e+02,2.015386866888346731e+02,2.044487941542077749e+02,2.163685788707433062e+02,2.275800200358462746e+02,2.310948529482704714e+02,2.272685799420659123e+02,2.216923459852997382e+02,2.103860654617581076e+02,2.058065414509620723e+02,2.032712735082527331e+02,2.021735577780711708e+02,1.921946890187210215e+02,2.071901260429909541e+02,2.357568458778193019e+02,2.523689169292104850e+02,2.514302725773534064e+02,2.314503562798047938e+02,2.197761775757420537e+02,2.085850540547863261e+02,2.211842984520271216e+02,2.518372344947640897e+02,2.451984196498709139e+02,2.387986719973594063e+02,2.460413502879798955e+02,2.482013892056918394e+02,2.219182747539136358e+02,1.988085588943694120e+02,1.905579578120860447e+02,1.900152113483950416e+02,2.073878287441192185e+02,2.296291590683508161e+02,2.236294317294211851e+02,2.375321982754641397e+02,2.533420073735432538e+02,2.753184661925865839e+02,2.304038213322823481e+02,2.138015316642479320e+02,2.334253785456157857e+02,2.395253130583768950e+02,2.473250317228551012e+02,2.640667596212028911e+02,2.563329695781372379e+02,2.640915722157800474e+02,2.687258771725470297e+02,2.721079419239066510e+02,2.889211847266448103e+02,2.770755253650650616e+02,2.526560539014301980e+02,2.532842160064280108e+02,2.626865511794539998e+02,2.630514446941595565e+02,2.759866189776151373e+02,2.632814003419674123e+02,2.683017364002593013e+02,2.808340978695542844e+02,2.696532334597984004e+02,2.725622145570895327e+02,2.847553022154091877e+02,2.767387946268186738e+02,2.850213714148382564e+02,2.821920141788637579e+02,2.697412743665191783e+02,2.870438406233510023e+02,2.983654640769659636e+02,2.914041650165675605e+02,2.801182464106569228e+02,2.725837198328168256e+02,2.763443725315787560e+02,2.859164309193344025e+02,2.699362591887058329e+02,2.695514656667815530e+02,2.782170507451785397e+02,2.786792896737389356e+02,2.872285588680530850e+02,2.806735506471621306e+02,2.595421669831317786e+02,2.510681162317693236e+02,2.652716887692151317e+02,2.566141647258781973e+02,2.477653120212632132e+02,2.567573235935082039e+02,2.462945774124552543e+02,2.521315378329911141e+02,2.686867746857394650e+02,2.538693159661426080e+02,2.418253652362082846e+02,2.396861109714579925e+02,2.416590816043000700e+02,2.239941206122899189e+02,2.304999922165820294e+02,2.521046964140734019e+02,2.424247588675679026e+02,2.463187970070645179e+02,2.514826279902086696e+02,2.580017507397497525e+02,2.549132293779835550e+02,2.380858192132408817e+02,2.375048889721527132e+02,2.435042066118398054e+02,2.529660421838882769e+02,2.522542138138674375e+02,2.431866736210501188e+02,2.471740345350869177e+02,2.674620281012435044e+02,2.683936505358301474e+02,2.569950571437859139e+02,2.547130240500796106e+02,2.549267096278227029e+02,2.626769155031945502e+02,2.782286771554951201e+02,2.692351614234476642e+02,2.623089044063503934e+02,2.739151396549556239e+02,2.673585965076711091e+02,2.340905504215401436e+02,2.310279877336844550e+02,2.413600914653094378e+02,2.289381849863436855e+02,2.479203266278032629e+02,2.531914808529348875e+02,2.459900130682726740e+02,2.427405418392413310e+02,2.485568244931362472e+02,2.544612915116276213e+02,2.339508882684544631e+02,2.215250929611924562e+02,2.328770882614846300e+02,2.526585692054700871e+02,2.452303616586790724e+02,2.442309028562385720e+02,2.388675003540711828e+02,2.149074356861351021e+02,2.130175618945602594e+02,2.333062271584654468e+02,2.345173829164795620e+02,2.286206066564221828e+02,2.293714232039390879e+02,2.453077900627703798e+02,2.276732977327383480e+02,2.244494907467101825e+02,2.284911047395426067e+02,2.139282306470198307e+02,2.077350782016407038e+02,2.063009726993364836e+02,1.968517289901605523e+02,2.168515106034602127e+02,2.424387843539684582e+02,2.341855372287114960e+02,2.203372360938243730e+02,2.030850704919648706e+02,2.031386778669557884e+02,2.129278531581119296e+02,2.113115475679225597e+02,2.307402151476271968e+02,2.635235722510449818e+02,2.589216858434135702e+02,2.444709052047238629e+02,2.217399448769237154e+02,1.874457819373319296e+02,1.790231483916712421e+02,1.912981140487606808e+02,2.175021221550290420e+02,2.509254789101694314e+02,2.405774279087740979e+02
1.964895642594103151e+02,2.051550717201792224e+02,2.116779805747130752e+02,2.142033733286235986e+02,2.336792527628318794e+02,2.348443927878011550e+02,2.475680326843038301e+02,2.627751816073937334e+02,2.446697660660040299e+02,2.192388863237816850e+02,2.067451786807709482e+02,2.140901883497963638e+02,2.234490251474996967e+02,2.096360201873608275e+02,2.160734154414223269e+02,2.284814276380675722e+02,2.291905649700136109e+02,2.256922482899483953e+02,2.093857009937122484e+02,2.134110581418361505e+02,2.241128635487322356e+02,2.274057301689437622e+02,2.215405879554593866e+02,2.131836940568686032e+02,2.320276888400606481e+02,2.428805006373298454e+02,2.330291989516899491e+02,2.200607629016734847e+02,2.075986463117997687e+02,2.212196657607296686e+02,2.362039602211209797e+02,2.465284419330228047e+02,2.379568804227926648e+02,2.395868205087106730e+02,2.504821196958911571e+02,2.594386876561004556e+02,2.529613612974111447e+02,2.269775541266823495e+02,2.248781345643268423e+02,2.499772851593296537e+02,2.634117137723221163e+02,2.433735865079621874e+02,2.160827172710272635e+02,2.165338992144230588e+02,2.361057005317628636e+02,2.573851208456216568e+02,2.526239163446277018e+02,2.354219050867523890e+02,2.418089508941993984e+02,2.482036675891141044e+02,2.473356693987527706e+02,2.567244990399925655e+02,2.677339224537975042e+02,2.671218232874279579e+02,2.858744220668983189e+02,2.597179960830333130e+02,2.411443656490841931e+02,2.095343877094038021e+02,1.625600170093915438e+02,1.589393011932561137e+02,1.731950073489313979e+02,1.824205290178622931e+02,2.085432409449815623e+02,2.150851535135286099e+02,2.291644560376749951e+02,2.419244598224503022e+02,2.460532299972995816e+02,2.360532553466736658e+02,2.272660716011480417e+02,2.368972488500444911e+02,2.300701734437790265e+02,2.363120837654723800e+02,2.591822122514273588e+02,2.497911684237955399e+02,2.493825244935405863e+02,2.512914553704587490e+02,2.606959042396415498e+02,2.263088330030311113e+02,2.023923939976342012e+02,2.034164755868615941e+02,2.034583789089543586e+02,2.209428612445170188e+02,2.413633163311172325e+02,2.198393966935817048e+02,2.343672932530854212e+02,2.654704280341974254e+02,2.688445219160397528e+02,2.427842550386651794e+02,2.136849244734061699e+02,2.245071854228529276e+02,2.554456427660907138e+02,2.640447848940644917e+02,2.685626638802198727e+02,2.658716977501878205e+02,2.763007513219079669e+02,2.939980170948744558e+02,2.857782349976241107e+02,2.780406231475415666e+02,2.562180125025882376e+02,2.533337213938654315e+02,2.785527535227807334e+02,2.736163348121404510e+02,2.619106522750843737e+02,2.685108418430529014e+02,2.653659613043132595e+02,2.657880516404842979e+02,2.579572392204275957e+02,2.553966673502355320e+02,2.664052872983573366e+02,2.680600936521119593e+02,2.707578585394442712e+02,2.664219826385058241e+02,2.648073733436438033e+02,2.661976110921979171e+02,2.791830684036900720e+02,2.789168410985789137e+02,2.665770385740130450e+02,2.759563896865204811e+02,2.788925851105117317e+02,2.799577625893819572e+02,2.721605036516643850e+02,2.717508846321982219e+02,2.689176370825328490e+02,2.626132273322584751e+02,2.654073558110437148e+02,2.695363640625803328e+02,2.729609517290569443e+02,2.556496864013579966e+02,2.470970394038098448e+02,2.669201666017019079e+02,2.769624454494371548e+02,2.733878390529744138e+02,2.810221505976585945e+02,2.686567619758175738e+02,2.644776798782584706e+02,2.721560612499026774e+02,2.791755429040742342e+02,2.773080116726552546e+02,2.506189244829485574e+02,2.615237694656937038e+02,2.550141940674370744e+02,2.415680456896247676e+02,2.464035783364361407e+02,2.684810406655702764e+02,2.694512583799910885e+02,2.584680862751945938e+02,2.408869209622967560e+02,2.276607585151538728e+02,2.385218501631670733e+02,2.369709344430131921e+02,2.555454978912649153e+02,2.611179086696143941e+02,2.456918214412675070e+02,2.509191627070811705e+02,2.586735938232934586e+02,2.556660366461545948e+02,2.611702472611904682e+02,2.453477985573656213e+02,2.543507859564516878e+02,2.622458183667393996e+02,2.620274887446425964e+02,2.708988374659114697e+02,2.657065210060170557e+02,2.737836841639536374e+02,2.708595220197689741e+02,2.581815984317373136e+02,2.418664536712882693e+02,2.252633916911145775e+02,1.922040571912418443e+02,1.783994427457851373e+02,2.068806879021602754e+02,2.166869635355998867e+02,2.077840671174065506e+02,2.057303442871748587e+02,2.171062181216294675e+02,2.387891590335377145e+02,2.312448496208010056e+02,2.129768873686354880e+02,2.206536524061467901e+02,2.364959066110721437e+02,2.394213932519475065e+02,2.463106190944153866e+02,2.584698584670119317e+02,2.446774540566986502e+02,2.379976431738439260e+02,2.342489302732909380e+02,2.147696913057224606e+02,2.068967378612924222e+02,2.075637993100307028e+02,2.235778207419980674e+02,2.363874877618224559e+02,2.295137809923881491e+02,2.334767376890036701e+02,2.402860929285551777e+02,2.519140766738379966e+02,2.365132300229386146e+02,2.199376773517830657e+02,2.215128821351167403e+02,2.452054399231766979e+02,2.504738642340249157e+02,2.520481608132047882e+02,2.642767695797437568e+02,2.692491405402992655e+02,2.690966724570592987e+02,2.571906214438444067e+02,2.164394342552258479e+02,2.164144717154043178e+02,2.417752282850556753e+02,2.406117848832851109e+02,2.309931695574049684e+02,2.079181260576017110e+02,2.001844183562224089e+02,2.104017015769200327e+02,2.270472116498559672e+02,2.396489856779155900e+02,2.047919082549643690e+02
1.698230931610270602e+02,1.707057000002851908e+02,1.921177239665502725e+02,1.944189599210950234e+02,2.006799531908539791e+02,2.118962525875982976e+02,2.145947513366089083e+02,2.023378029627716046e+02,1.890371183707610498e+02,1.816733128781203561e+02,1.862333392909343672e+02,2.006121072005120141e+02,2.096829056104525364e+02,1.952129560079751798e+02,1.777654336927472514e+02,1.906532706594670117e+02,2.085955321250747829e+02,2.141472311952474001e+02,1.935264163313581776e+02,1.680764717048831756e+02,1.735380069712323916e+02,1.898319617789427127e+02,1.977097383323030044e+02,2.017163360719197840e+02,2.055790932754272831e+02,2.179304774982866206e+02,2.137021408679383114e+02,2.099173592862080682e+02,2.045440668218556937e+02,2.200802759963970630e+02,2.125352839724379805e+02,2.131727050955181824e+02,2.112257818932162650e+02,2.049198054774350908e+02,2.206096038298708208e+02,2.569553882794078845e+02,2.667755036397679191e+02,2.338765123205850784e+02,2.061423585882240275e+02,2.011605195920251958e+02,1.960869599145510165e+02,1.941206957360402896e+02,2.204530338847051496e+02,2.206366012489962429e+02,2.351266566349109723e+02,2.469837530454853152e+02,2.513826500910934101e+02,2.380709346551239491e+02,2.321047778617236759e+02,2.452925239450927393e+02,2.342152837390698323e+02,2.449769997396131771e+02,2.639170979291774302e+02,2.760714013215457499e+02,2.722519075684944028e+02,2.356654341878767696e+02,2.190634880944673739e+02,2.002400121585337160e+02,1.559063334303720865e+02,1.540008148794003944e+02,1.741530028961079211e+02,1.843767473378560453e+02,1.948278846609720745e+02,1.870228335608123871e+02,2.093374403113383835e+02,2.189407427788269445e+02,2.333882529713358167e+02,2.288865211651661014e+02,2.247039364526890779e+02,2.327190099245149213e+02,2.288560623085473935e+02,2.497400675124432894e+02,2.623732271904761433e+02,2.599992744558679192e+02,2.638505778819520060e+02,2.539230479614175806e+02,2.550997318367977869e+02,2.652959666313156504e+02,2.587269219925259449e+02,2.551425624124333353e+02,2.666088328274115042e+02,2.711473910794614994e+02,2.759075336868853583e+02,2.622037022482650741e+02,2.694032771018544281e+02,2.810389965855989658e+02,2.815748831439092896e+02,2.818794458394318099e+02,2.700484513804405537e+02,2.728223910929823433e+02,2.804360209100506722e+02,2.815296997461858268e+02,2.765119789151232226e+02,2.770138905960414490e+02,2.842966852263086821e+02,2.986178360754641972e+02,3.004451659838482556e+02,2.840458117528170874e+02,2.468529122738439128e+02,2.452883590432367100e+02,2.665235989057629240e+02,2.672542780079431850e+02,2.542986826897255526e+02,2.482793304984386111e+02,2.451968446068079857e+02,2.283631581848979408e+02,2.283090136489566930e+02,2.268172620747139376e+02,2.314506404944725659e+02,2.424345022319881195e+02,2.379652190751388332e+02,2.485243708351760574e+02,2.565818010913949365e+02,2.612505862639570182e+02,2.720624745656285199e+02,2.665007993119099297e+02,2.688309140861498463e+02,2.585342550429828066e+02,2.505547051895789537e+02,2.568741191669886916e+02,2.583061131513640021e+02,2.701092819998262371e+02,2.651095176921544407e+02,2.538237308204506917e+02,2.528998793600387103e+02,2.583958319794755880e+02,2.636005408693667960e+02,2.578130483699816864e+02,2.506050355726509906e+02,2.645909147124343122e+02,2.679409228785426649e+02,2.639777174165461702e+02,2.678017667514756113e+02,2.458799617669830582e+02,2.228825248722938284e+02,2.247346805466714557e+02,2.491846880884753830e+02,2.480155930099095940e+02,2.504189423014294960e+02,2.507436839394215440e+02,2.506773371353673099e+02,2.516672095598533758e+02,2.607226758547344048e+02,2.657940187265828627e+02,2.679796180080376189e+02,2.522699495377894152e+02,2.268094651218436866e+02,2.174627158761110479e+02,2.431122295700334064e+02,2.370646644506899179e+02,2.292663132732984081e+02,2.117830948420848358e+02,1.901530168343458058e+02,1.828988493382189802e+02,1.857810694267195970e+02,2.070795610448741968e+02,2.057363468210662347e+02,1.985975554519382626e+02,2.048044085560662211e+02,2.125794686221418033e+02,2.184387383396866085e+02,2.132429209443225773e+02,2.213649173200316227e+02,2.216969853972116766e+02,2.374444682990147157e+02,2.300357008665713181e+02,2.425757464354397257e+02,1.860741125984750965e+02,1.420031055948603296e+02,1.410836270930201124e+02,1.805057688411059473e+02,2.003385518701167598e+02,1.820102785813166406e+02,1.885444569389003107e+02,2.003805833044040128e+02,2.132762003069972820e+02,2.190935563355420186e+02,2.266495242138224171e+02,2.326080388579756857e+02,2.355623714156129722e+02,2.330031416033366156e+02,2.310216500164322611e+02,2.323966639489973431e+02,2.329964984959202638e+02,2.367130173227736520e+02,2.336391478003411351e+02,1.761108074909857635e+02,1.463338786006862620e+02,1.585215110459774621e+02,2.058986052436613079e+02,1.974205053345056626e+02,1.937435708828146232e+02,2.077596654241630176e+02,2.061934179862925589e+02,2.163526101055495303e+02,2.211124335626069239e+02,2.045639299470118715e+02,2.003787765186378920e+02,2.021990016544438049e+02,2.193163367870285754e+02,2.413146814038629202e+02,2.278312504441909141e+02,2.406755456652361431e+02,2.430274090750288281e+02,2.275428336401249965e+02,1.909896494206585942e+02,1.797944256344451617e+02,1.766702196083024035e+02,1.791933512896983984e+02,1.943108778346615679e+02,1.872129680359483359e+02,1.664953115906048424e+02,1.598689616255198587e+02,1.554640377311029056e+02,1.731241020791381402e+02,1.807683487171284469e+02
1.744903793495507500e+02,1.925882232073557816e+02,2.224802059946785846e+02,2.051306847155705668e+02,2.138500215130850961e+02,2.189840340177693179e+02,2.156577292401543104e+02,2.172448161522760870e+02,2.047549915540662084e+02,1.883121055262101322e+02,1.996013013441657336e+02,2.051103532370176197e+02,2.153479203848203554e+02,2.140729522987831501e+02,1.984959167205200856e+02,2.120694980050075458e+02,2.409619248295852003e+02,2.395527888064351316e+02,2.206874137214704206e+02,1.965177709098941250e+02,1.971498780693164861e+02,2.008228844548297332e+02,2.035894386787965402e+02,2.106093357957258547e+02,2.257375468082923646e+02,2.311465331569954174e+02,2.362412268045150938e+02,2.379359318956487357e+02,2.412822468192306928e+02,2.261478399357727653e+02,2.196023134296298167e+02,2.206829497694822635e+02,2.139814237141277147e+02,2.125440468466058803e+02,2.336153167566231446e+02,2.682943604996011686e+02,2.683108767998803614e+02,2.508880552116756348e+02,2.113515560376568772e+02,2.051305893927043655e+02,2.020933407798555379e+02,1.969690686227869492e+02,2.154400512583081024e+02,2.163099146834766202e+02,2.321654244885024525e+02,2.455197229339974854e+02,2.521305203270766526e+02,2.449373520341430890e+02,2.340903898616187462e+02,2.410550813340929892e+02,2.304566229165941991e+02,2.446260606603391636e+02,2.624604332850715309e+02,2.792786730740413645e+02,2.749667110458152024e+02,2.424039260331891512e+02,2.255862664748467523e+02,2.131380914224890830e+02,1.832220275902316189e+02,1.761653114279868646e+02,1.907399725717601768e+02,2.022106652814061931e+02,2.060115924305026738e+02,2.052304256363386799e+02,2.034038292462601589e+02,2.076586841565561770e+02,2.142879000042875930e+02,2.118174824915623446e+02,2.197964090138432027e+02,2.453244181777795916e+02,2.431855875938601343e+02,2.360796723238086088e+02,2.338612849781300724e+02,2.445799425017084161e+02,2.400451608006042079e+02,2.385680698773515758e+02,2.353496201601492146e+02,2.369642638524646543e+02,2.529286485295257592e+02,2.341705150443057732e+02,2.339505117229091979e+02,2.574274685271184353e+02,2.589750799618599899e+02,2.511089267103388920e+02,2.540619031153224796e+02,2.659284768649521311e+02,2.606334254219724471e+02,2.498904969170013146e+02,2.585688551750621968e+02,2.643857692035395530e+02,2.575203056638903263e+02,2.499792215734347565e+02,2.534607290604436685e+02,2.695823242203380232e+02,2.756299393110267602e+02,2.792103300121312941e+02,2.779109093388971132e+02,2.845223246361127849e+02,2.600724888512386315e+02,2.540041282647923424e+02,2.673472725240283125e+02,2.681117587449244297e+02,2.544709695571264660e+02,2.536917077419537918e+02,2.504177511136229271e+02,2.443464124289628217e+02,2.398374495242509568e+02,2.131934013504501593e+02,2.210012674035767191e+02,2.130268744587369554e+02,2.127416368502887849e+02,2.301262720043727938e+02,2.453882681259000833e+02,2.517101007854975592e+02,2.607155097539309168e+02,2.523891850025372321e+02,2.495448810932806509e+02,2.505089872177914287e+02,2.346065617471452356e+02,2.234338859291294170e+02,2.320656376143701038e+02,2.540237107717595109e+02,2.443889912882232238e+02,2.418414563624303355e+02,2.532387107228898913e+02,2.532824627670367761e+02,2.423907667689406367e+02,2.345926822343329263e+02,2.355236548371489391e+02,2.541697224797921990e+02,2.604058117567983572e+02,2.508669053569635707e+02,2.497667750070902173e+02,2.454466726387947233e+02,2.277405402645316599e+02,2.317233378892815381e+02,2.531411997712401671e+02,2.544715250885249418e+02,2.405814594112323732e+02,2.357988220339768191e+02,2.376728875584659022e+02,2.360403235651281761e+02,2.383554697175912338e+02,2.474424983821565718e+02,2.736256895537607079e+02,2.577978969657593780e+02,2.470627770239894403e+02,2.164843735649349128e+02,2.108830720938923662e+02,2.099555823256211511e+02,2.168932496116563584e+02,2.143332531567285457e+02,1.987000627424052368e+02,1.913445569636386097e+02,1.853602023036941091e+02,1.985511453958325205e+02,2.095874678734044210e+02,1.932187315927722580e+02,1.954776777175020470e+02,2.066138989916480853e+02,2.040062387367749750e+02,1.928626011034623673e+02,1.933063689680747075e+02,2.080421089451477030e+02,2.325217964689941255e+02,2.262673422441225171e+02,2.314733556792038485e+02,1.927597243178063593e+02,1.489299333788464423e+02,1.482574219587158382e+02,1.880741029014002663e+02,2.041331890091318542e+02,1.920960790086552947e+02,2.030987917331048607e+02,2.181219531355789627e+02,2.301464292036736197e+02,2.224091135717078487e+02,2.232204803629481091e+02,2.298199048506033932e+02,2.330293308926605391e+02,2.314597126171101991e+02,2.321742185776777774e+02,2.335410164965584841e+02,2.300414747397141184e+02,2.236791005244874100e+02,2.434913391763113850e+02,1.791014143861296191e+02,1.484400403651698639e+02,1.612703944125105693e+02,2.169344643452301966e+02,2.074964669277890152e+02,2.014425891304545075e+02,2.121555475502887020e+02,2.120932283555346487e+02,2.321200689669688018e+02,2.188401720792796539e+02,2.085077720947210764e+02,2.253780029452479710e+02,2.277711938276943897e+02,2.402311072028627450e+02,2.397123004455157798e+02,2.368752838690058411e+02,2.497757741612542191e+02,2.499396449659202233e+02,2.309602359488939385e+02,2.016303873185952682e+02,1.813105201995976188e+02,1.797845875794165806e+02,1.804425351899919008e+02,1.933929878093423440e+02,2.123700439215836013e+02,1.916475701516211814e+02,1.557636212608666426e+02,1.384427240010557796e+02,1.570195179204773126e+02,1.876258563117403639e+02
2.000528880044534787e+02,2.223074547364982720e+02,2.524167511296370492e+02,2.611447843334213417e+02,2.641471821276259107e+02,2.665372494692145438e+02,2.715233748702663661e+02,2.735623054155686305e+02,2.610575289376188834e+02,2.468199981402974856e+02,2.481881432888687868e+02,2.450484730903297645e+02,2.509158048348825787e+02,2.515052577389197950e+02,2.457717496559073425e+02,2.510542094119562933e+02,2.550067289446358814e+02,2.575813739468195536e+02,2.395135145098819009e+02,2.095499759377703981e+02,1.918755121431838120e+02,1.855294498353836161e+02,1.965707826726781207e+02,1.910202388872223764e+02,1.775424909301123932e+02,1.883596111548773422e+02,1.849357308183474515e+02,1.881719062341340987e+02,1.996555006342838681e+02,1.955018420265812154e+02,1.965940567871754467e+02,1.998145825654587497e+02,2.036934900461327516e+02,2.020825650834063936e+02,1.951367001002710424e+02,2.176167056846531977e+02,2.008124854931231482e+02,1.902445512356841277e+02,2.016656532128930053e+02,2.036953536769362927e+02,1.986644519494804513e+02,2.136534683955496234e+02,2.079859035856698881e+02,1.910734434278669198e+02,1.951717700829216255e+02,2.173494672627344926e+02,2.210445723520402908e+02,2.211744557885643587e+02,2.277993917751722392e+02,2.390928216727775464e+02,2.291535373544917320e+02,2.133520570727940537e+02,2.177647282711529897e+02,2.208790641144810820e+02,2.117190470300008087e+02,2.130931775997071327e+02,2.257040085845781050e+02,2.236884373729037634e+02,2.083897707202096399e+02,2.107615633614606452e+02,2.134954900632028512e+02,1.993027131868465176e+02,1.999741916859379103e+02,1.909792680006977434e+02,1.992357973338624220e+02,2.043145802295384783e+02,1.910213592375781673e+02,1.994000682161595250e+02,2.050780226939472470e+02,2.010444618099119793e+02,1.950879364573642647e+02,1.992411929852825381e+02,2.017139520445244329e+02,2.074600415015844987e+02,2.143767649104050008e+02,2.074364335298812136e+02,2.149314927460408740e+02,2.103800245238946047e+02,2.251204657269952918e+02,2.123624234206008339e+02,2.040762191061411954e+02,2.159620726699163811e+02,2.086566428311657262e+02,2.203228248114045300e+02,2.305263887589456999e+02,2.357823517939728504e+02,2.310310040271968148e+02,2.226122638282265029e+02,2.223913284773066721e+02,2.337724723378923670e+02,2.326636549901977844e+02,2.361324080047733673e+02,2.380499672108154812e+02,2.566191748211525123e+02,2.651487683340879471e+02,2.541764018632781301e+02,2.624924741109667821e+02,2.678835579055755147e+02,2.570457929883435213e+02,2.516596900990795405e+02,2.488727752605785213e+02,2.475544884551288760e+02,2.567292033823601969e+02,2.613193343318395705e+02,2.546808830473637215e+02,2.560778507507097856e+02,2.511887042227854181e+02,2.325353280921097792e+02,2.308666540592433876e+02,2.258679786647170715e+02,2.180224107443231958e+02,2.174033641638511369e+02,2.077762854347259918e+02,2.029403215216851208e+02,2.134548021026320441e+02,2.097218496871026048e+02,2.134643593720601871e+02,2.270129007112499266e+02,2.261303063597210894e+02,2.108128491144138650e+02,2.030391041128154370e+02,2.152853282146100753e+02,2.106883772277264200e+02,2.126755313417853870e+02,2.054976130339418887e+02,2.046994245555919747e+02,2.023318217918152300e+02,2.003278785263601094e+02,2.039589935126395517e+02,2.063107348863525772e+02,2.262804443388664595e+02,2.442554180001292821e+02,2.225002130062750894e+02,2.160187188117265009e+02,2.122736302144733145e+02,2.157196167312357034e+02,2.224058130401010374e+02,2.200468155550807978e+02,2.240504256457268752e+02,2.405427843551800891e+02,2.396658080294244257e+02,2.365763782636335861e+02,2.406407639565037755e+02,2.542259709277741422e+02,2.542246887144689254e+02,2.592964608357119687e+02,2.440002984654036595e+02,2.189270487143542709e+02,2.152673736868569563e+02,2.213902551372402172e+02,2.253932629484733638e+02,2.370184994379653176e+02,2.333764611891880350e+02,2.350622713800501060e+02,2.223030255753081406e+02,2.222120877377986972e+02,2.292669988427536225e+02,2.315875335507948307e+02,2.337141234075404554e+02,2.240885117295156874e+02,2.389823212588910337e+02,2.327304100516497556e+02,2.309749488840973299e+02,2.286402238445573971e+02,2.246449433204619766e+02,2.385645396962211748e+02,2.275509022016783547e+02,2.228693983081800525e+02,2.278622900695759483e+02,2.267883612110823606e+02,2.333422255732010910e+02,2.169572428151950589e+02,1.775193332390131502e+02,1.562612396015186960e+02,1.472573521990769621e+02,1.490240230668918002e+02,1.754325510589011117e+02,1.999141019185364314e+02,2.075324577807390369e+02,2.171395410282135288e+02,2.082943578347293965e+02,1.750851486572239537e+02,1.585008678798693040e+02,1.528170189550215241e+02,1.548917165557182898e+02,1.647521919681524878e+02,1.827857858408634115e+02,2.188805945484474762e+02,2.259688743229861245e+02,2.279520702815650566e+02,2.200677236345841266e+02,2.203369510245584593e+02,2.063758266622655810e+02,2.025527298842966388e+02,2.121471776957343423e+02,2.200423566792975407e+02,2.205914778059520245e+02,2.146039193970937617e+02,2.121887849538262003e+02,2.362618899202522016e+02,2.383078553390220975e+02,2.184147780761242075e+02,2.171569333848628673e+02,2.277661753603565558e+02,2.274688979880981492e+02,2.291217724285704378e+02,2.283312348611142681e+02,2.343887758327288111e+02,2.358974995264447330e+02,2.280418080098614837e+02,2.144188796471696605e+02,2.114207981366003821e+02,2.158949999089097105e+02,2.238055346046886029e+02,2.339775229724335759e+02,2.218827516644286106e+02
1.977594106017194520e+02,2.096573814646826008e+02,2.267646456761442835e+02,2.322335788672117474e+02,2.342596803766944333e+02,2.511610716027358876e+02,2.518968027541874335e+02,2.437660462038935805e+02,2.404203664821511097e+02,2.429079936414683516e+02,2.470106656478284037e+02,2.449770643172981295e+02,2.609879552245726018e+02,2.618689020678492057e+02,2.555930901855530237e+02,2.575745808986652605e+02,2.737081979168551129e+02,2.646866170444130830e+02,2.347043499054315419e+02,1.968299224054966032e+02,1.752263511987690663e+02,1.736775432110684392e+02,1.861367478835991278e+02,2.026750080378983512e+02,1.886691998338743588e+02,1.924399135916690682e+02,1.942864402367887919e+02,1.964802163066356684e+02,1.938304614980380620e+02,1.875677779837338335e+02,1.935690651745176183e+02,2.011929541285919356e+02,2.027540385637362306e+02,2.048028861103406371e+02,1.980588488101903408e+02,1.985596476351248896e+02,1.946673396669599470e+02,1.899118815084902963e+02,1.999598113735125082e+02,2.009487717159034048e+02,1.969667098048340108e+02,2.063923880120198646e+02,2.000977121061434900e+02,1.835049128695532090e+02,1.847886255184837694e+02,2.106273195243306873e+02,2.020570598520675105e+02,2.044438920600710219e+02,2.181355338626898686e+02,2.365189733538549604e+02,2.424416253109182833e+02,2.243454665582801226e+02,2.148340592832796290e+02,2.191934686390339380e+02,2.138968072482682601e+02,2.208229523063238275e+02,2.313011735144622207e+02,2.328424591958034853e+02,2.219209931566436751e+02,2.243049517609790655e+02,2.258314980232975131e+02,2.137361831318931422e+02,2.083308911122527718e+02,1.960534412677252192e+02,1.955794081923017131e+02,2.007856146076834705e+02,1.961511775373459159e+02,1.985736158729164060e+02,1.985684893560276691e+02,2.051919607538536070e+02,2.062848624255107950e+02,2.128271524526492442e+02,2.138866285068605180e+02,2.072252753054793857e+02,2.136735775974319154e+02,2.181194807223174053e+02,2.316105293567168246e+02,2.165100191262760916e+02,2.210626065794718897e+02,2.139787080485399144e+02,2.082481122536158580e+02,2.165319864031345958e+02,2.185441018443990515e+02,2.160980158765609076e+02,2.117330175718720682e+02,2.179144589206473199e+02,2.155468869461686836e+02,2.148415972627396116e+02,2.222799028447740284e+02,2.317751496042745316e+02,2.255804476000756154e+02,2.392565458687682565e+02,2.429343794747487095e+02,2.583351128437771536e+02,2.553109615848275382e+02,2.581917309312241287e+02,2.716374906026615008e+02,2.628521083329131329e+02,2.444043982150200520e+02,2.377504102066963583e+02,2.314648938941122083e+02,2.326275947780608817e+02,2.485349598125245905e+02,2.596077951163898661e+02,2.488471458659759605e+02,2.478209929904971034e+02,2.636999131860872581e+02,2.648640467317648017e+02,2.357871537573357728e+02,2.132173420279470974e+02,2.015362413710157909e+02,1.823048826242765017e+02,1.805648436017098675e+02,1.851385553120735494e+02,1.946182491628417210e+02,1.859732844770392717e+02,1.909317145695284808e+02,2.079119386225311530e+02,2.185212724467980365e+02,2.027185393429251974e+02,1.838620943472791112e+02,1.774775726373236182e+02,1.780093382136246873e+02,1.846700533583276069e+02,1.850264863737023404e+02,1.845999383890355716e+02,1.855136126639974634e+02,1.822156634894383842e+02,1.935222798182335282e+02,1.870513331453670105e+02,2.064993023258760161e+02,2.394049978181998313e+02,2.336431358335134405e+02,2.108427445662471769e+02,1.950940455821681780e+02,2.055729156233454376e+02,2.183622736532332738e+02,2.207027408568354758e+02,2.322785272237655079e+02,2.207934541953948155e+02,2.271228002714662466e+02,2.471557852836168081e+02,2.530076104743887697e+02,2.514089189962019191e+02,2.538363349588395579e+02,2.535166379440751712e+02,2.367815708672059145e+02,2.326441763885763976e+02,2.454546483392159644e+02,2.505790531326591406e+02,2.592044382894989667e+02,2.568694091778788220e+02,2.416261844485425740e+02,2.279640655175501536e+02,2.288522811460676962e+02,2.382362059499804445e+02,2.521991633076794130e+02,2.588674664957229083e+02,2.640259295004873366e+02,2.573003962164756331e+02,2.617979597554033262e+02,2.540436375161634714e+02,2.440936006624440608e+02,2.432613896022462541e+02,2.548086063868606459e+02,2.552999174328757874e+02,2.449492944112454325e+02,2.305385686321787091e+02,2.236267393302309472e+02,2.381423259807016279e+02,2.305570439298846281e+02,2.037617479686955733e+02,1.659865504736852131e+02,1.488887789551614560e+02,1.430083464198520176e+02,1.441176690008331320e+02,1.688664563771561120e+02,2.008807463827170068e+02,2.093378744060905774e+02,2.266741162041258235e+02,2.087714811196450455e+02,1.712373199278988238e+02,1.504125543766917303e+02,1.443941638501977991e+02,1.483045609209264342e+02,1.588261811631805926e+02,1.787465851331863860e+02,2.019695573127556543e+02,2.135339109325734626e+02,2.206948098241298908e+02,2.112928956461764756e+02,2.143329732331632442e+02,2.095030011166050201e+02,1.998429013988708220e+02,2.035335836981618343e+02,2.173246366411590884e+02,2.241481255392671414e+02,2.263384257503698507e+02,2.308318778661279111e+02,2.413409427001886343e+02,2.345540687882183875e+02,2.157805863051496829e+02,2.099427370866562228e+02,2.231025913728683179e+02,2.309595786649970535e+02,2.233434830869946381e+02,2.229915861758803430e+02,2.348308062628182711e+02,2.444120060272151704e+02,2.265571191211649875e+02,2.046291960039838500e+02,1.961052743200847885e+02,2.040980497359255423e+02,2.340148138467238823e+02,2.398196661983419631e+02,2.227051320754837889e+02
2.017244756336848752e+02,2.070942471162432525e+02,2.094029387222375078e+02,2.083775982026791098e+02,2.094016034188868502e+02,2.227417226386516518e+02,2.268615661163045161e+02,2.428791231356433684e+02,2.341297285050533219e+02,2.310454072909444676e+02,2.232473408796432182e+02,2.240767364632129954e+02,2.349863255846208006e+02,2.563396901117563402e+02,2.724285184740784871e+02,2.711797889832433270e+02,2.461578719447179822e+02,2.387742395649640059e+02,2.282880363693718948e+02,2.117142042032304801e+02,1.974378085788551971e+02,1.918220269460164786e+02,1.963297241462660736e+02,1.951395369520584495e+02,2.096433568535645691e+02,2.188497944763048224e+02,2.261535825914612019e+02,2.257099335205915338e+02,2.231270856824296800e+02,2.043993182320043900e+02,1.938299637258812140e+02,1.921337267166867946e+02,1.982141813864653557e+02,2.192002806664096397e+02,2.113165981145440924e+02,2.190923108403533206e+02,2.224111787978510222e+02,2.277183516962534782e+02,2.108083775996892655e+02,1.938675531316725369e+02,2.004099622477115759e+02,1.988412145678022398e+02,2.043409663987812337e+02,2.193949519348329886e+02,2.263234629001658504e+02,2.408661354258940435e+02,2.261393026876513090e+02,2.057645147375485521e+02,1.966351146463731538e+02,2.105649583989006715e+02,2.249585929774491717e+02,2.344667451813480739e+02,2.450835226565370419e+02,2.332183897284475620e+02,2.318576078846293171e+02,2.512017199659601374e+02,2.643354305326133726e+02,2.480936177636116327e+02,2.316896552462900445e+02,2.465869560229270405e+02,2.466353018952594311e+02,2.523973269771492483e+02,2.788031989159240993e+02,2.544033176645678225e+02,2.419855498482107237e+02,2.389441277442832074e+02,2.384974097518043550e+02,2.453889048595096085e+02,2.410776939224721787e+02,2.498991903760205560e+02,2.549464305826766122e+02,2.646890434029342032e+02,2.648872520619523243e+02,2.571652546579108503e+02,2.593400643203161735e+02,2.734706303077336429e+02,2.620561033919023544e+02,2.578346478897535690e+02,2.654846462594485956e+02,2.557788832599594855e+02,2.537813618355271785e+02,2.730038763952791783e+02,2.767966437607556713e+02,2.593403171657348025e+02,2.608632937885928413e+02,2.792366115529463286e+02,2.775297028546006572e+02,2.817403608936141950e+02,2.922878150461064024e+02,2.846434336272537848e+02,2.848454273801937688e+02,2.876787886782495320e+02,2.952924726862969464e+02,2.893576939556880916e+02,2.748465210981793803e+02,2.803360129469807589e+02,2.946478432336547257e+02,2.966475427705985339e+02,2.693985409615930848e+02,2.609720958372481618e+02,2.650114220550435675e+02,2.628558503123622927e+02,2.563618860842216236e+02,2.549992812082974467e+02,2.577288051547960208e+02,2.636625718314664937e+02,2.698978824066919628e+02,2.650097145672849592e+02,2.556008509037067142e+02,2.467086167706569313e+02,2.431310599599920295e+02,2.384384757199916578e+02,2.471420509874539277e+02,2.383910729845414949e+02,2.275820980106021238e+02,2.171798009173692776e+02,2.181783790409299399e+02,2.447533274230423785e+02,2.491380863943781492e+02,2.520582576491336795e+02,2.500856750946878435e+02,2.264990012235189454e+02,2.208391665586725878e+02,2.296233694594655788e+02,2.277395586600493971e+02,2.274969044069757729e+02,2.345820720991206088e+02,2.314899513054086810e+02,2.406342653113487131e+02,2.433993985064933554e+02,2.448139724215669162e+02,2.559503205320029338e+02,2.561324905758179966e+02,2.397643232878911590e+02,2.234146584751709099e+02,2.335687071003798394e+02,2.591349575818675248e+02,2.646407330300393710e+02,2.291378268848825996e+02,2.001137055191819059e+02,2.131864501637638227e+02,2.440675717862329748e+02,2.364196852976183436e+02,2.250573395411589388e+02,2.299826251973629212e+02,2.406688641334886825e+02,2.370830858136324935e+02,2.368293599668356251e+02,2.377605047950369510e+02,2.266878125334985441e+02,2.412840460757969367e+02,2.496812476997808403e+02,2.372283524560772889e+02,2.155913483723455784e+02,2.160310634993984706e+02,2.350389722913681680e+02,2.469590731240567436e+02,2.559855949123470964e+02,2.565275494668686633e+02,2.454743331222614984e+02,2.391361952139995992e+02,2.325630302489300334e+02,2.310933641218070136e+02,2.381366198580324181e+02,2.417765075940380655e+02,2.430009408639202775e+02,2.437436919939014501e+02,2.439571434942239705e+02,2.584342012318597881e+02,2.626659652452069622e+02,2.609708302034035228e+02,2.461014955165276774e+02,2.252769335098571446e+02,2.174871448959550548e+02,2.308646417040772576e+02,2.444499587984549862e+02,2.489777769097309204e+02,2.425100203655667315e+02,2.339132194725202680e+02,2.308510496660256877e+02,2.417014482733433454e+02,2.454048781036329672e+02,2.454585982007322400e+02,2.439422138420324018e+02,2.491883338049402141e+02,2.445390679517270485e+02,2.441912744886930966e+02,2.543916016554171620e+02,2.556678516483630119e+02,2.548760469112161218e+02,2.600332606536824755e+02,2.464972376643541168e+02,2.412972079765046374e+02,2.506981565860263288e+02,2.488195128837818686e+02,2.459634861232241008e+02,2.455065411739718968e+02,2.521631168082690237e+02,2.631132493807607489e+02,2.606980288964192027e+02,2.431633154712543501e+02,2.490231163082685839e+02,2.541480204141596460e+02,2.530916306172820498e+02,2.600776865696597042e+02,2.444335961419259320e+02,2.503552483918181224e+02,2.597308101838241896e+02,2.661368235361583174e+02,2.490851713445522364e+02,2.425805025633704872e+02,2.521147577775056448e+02,2.545784950728929914e+02,2.581698716449242283e+02,2.374562088142068319e+02,2.239965024053942955e+02
2.125959052198174675e+02,2.263113348747553459e+02,2.326915029129248751e+02,2.421201177646700557e+02,2.483719404194087588e+02,2.313260628106445438e+02,2.276501127039048811e+02,2.491311219746540075e+02,2.454216078796860359e+02,2.312077526313481144e+02,2.217728117806601063e+02,2.325423895109338446e+02,2.511915371854496186e+02,2.450401882830448983e+02,2.386016931774131535e+02,2.416173038334856642e+02,2.370093734111924562e+02,2.337946393042056457e+02,2.530593407131678703e+02,2.302510810610932026e+02,2.205126864800350859e+02,2.061983225585349260e+02,2.053837877934002165e+02,2.163894275496992350e+02,2.445793770334202861e+02,2.523172862915735095e+02,2.455171808899305859e+02,2.440263852070959558e+02,2.433537767284716153e+02,2.172744859408678337e+02,1.979896946401362356e+02,1.980768887403690428e+02,2.055845308818007311e+02,2.300437454682895293e+02,2.328549530130135850e+02,2.490967005102052099e+02,2.446694078805972481e+02,2.440970538437373420e+02,2.190243431621873640e+02,1.963448497744436452e+02,1.996683189314730669e+02,2.069138527779730339e+02,2.220898256665967665e+02,2.436339753877413159e+02,2.364898031298500314e+02,2.530846685225087072e+02,2.559516328047236300e+02,2.289383993202970942e+02,2.081400289360110207e+02,2.131212507767762929e+02,2.296049792243114211e+02,2.491727687794135306e+02,2.562535048634296686e+02,2.383554414130188093e+02,2.370129285621172244e+02,2.547797751760027438e+02,2.517598059953100176e+02,2.368182368626092114e+02,2.254840267558747939e+02,2.324411112324923465e+02,2.316056642041322959e+02,2.346389501936540682e+02,2.617071597906821694e+02,2.551345031859772234e+02,2.551265312478927001e+02,2.474288328453367853e+02,2.444350814910598046e+02,2.637071850538872013e+02,2.531437126883930659e+02,2.453780969642617720e+02,2.322412803252342428e+02,2.280975807105906483e+02,2.372682642563094362e+02,2.586762223229026745e+02,2.550143939388630656e+02,2.557753186493525845e+02,2.671025803692519389e+02,2.530552105140281185e+02,2.439708376207880178e+02,2.290511883115028695e+02,2.362439392466732784e+02,2.585862267411284847e+02,2.676133343860076366e+02,2.690826072751970059e+02,2.704442439299464240e+02,2.721477392362388628e+02,2.727063024199938468e+02,2.704035038582332504e+02,2.730952034734231688e+02,2.762781473916648451e+02,2.788854116977269086e+02,2.809104514944989432e+02,2.888546743813661806e+02,2.881202866003245049e+02,2.879581685500279491e+02,2.907298614278018363e+02,2.969676475439554224e+02,2.980873970488665918e+02,2.861706245909749668e+02,2.796435053634562564e+02,2.775005431355455698e+02,2.690424787487568778e+02,2.652428072759972792e+02,2.563205040908277397e+02,2.569158142315239388e+02,2.578524035334177711e+02,2.604980632859214893e+02,2.687256590911350145e+02,2.650096796593300041e+02,2.601249241485860466e+02,2.583652568732704253e+02,2.528338770792985315e+02,2.510167971174298600e+02,2.475591798006084616e+02,2.504640790527519698e+02,2.532984043341915026e+02,2.550061181031278750e+02,2.461992307835753593e+02,2.422000071830946411e+02,2.550653750085383820e+02,2.704324787287633853e+02,2.791755570363129664e+02,2.686284486115210939e+02,2.490610624626844185e+02,2.388334494122097169e+02,2.382740743856548420e+02,2.460059147783020990e+02,2.518591875344084769e+02,2.597617782405812932e+02,2.599817094164059768e+02,2.662353165743339787e+02,2.726553863580499524e+02,2.539944028669424085e+02,2.402117519705629149e+02,2.389533403108088692e+02,2.517229510863553514e+02,2.650924227673078803e+02,2.658610829340067880e+02,2.623141031093002766e+02,2.459209845117572399e+02,2.487206650223284043e+02,2.591497206465701311e+02,2.485497253601449472e+02,2.342480265608042771e+02,2.337985064578188314e+02,2.546439275708643493e+02,2.619429446181957246e+02,2.485065944703667355e+02,2.492499705096248590e+02,2.500485878846074854e+02,2.562508853094407186e+02,2.381721456271047828e+02,2.115135332022063039e+02,2.084233613327736805e+02,2.217456029282434145e+02,2.409356264977279238e+02,2.564500182329840641e+02,2.568700949554464046e+02,2.526990449672529451e+02,2.563284848337035555e+02,2.621621984627471988e+02,2.415181631764023678e+02,2.419795088275448620e+02,2.484365208245026793e+02,2.474953703554261324e+02,2.491739426793753296e+02,2.454717506479729821e+02,2.306725653865973129e+02,2.266497517682255705e+02,2.367069276149121606e+02,2.589525245658688277e+02,2.539846840884517007e+02,2.440295965684155988e+02,2.295647739821388313e+02,2.269947185125595865e+02,2.403616875383339959e+02,2.459509303295419045e+02,2.439020281468080213e+02,2.513620280842931720e+02,2.500359091315520459e+02,2.323757645984790372e+02,2.330946028466749453e+02,2.600147165764817032e+02,2.628336325509729363e+02,2.572080661870001563e+02,2.520250684661009757e+02,2.363166112581848211e+02,2.156421211243934977e+02,2.111565888282473225e+02,2.136036866225626341e+02,2.178610281341771326e+02,2.102099900642432999e+02,2.189101818536187807e+02,2.428255540772412928e+02,2.424679699638131183e+02,2.240876024071511665e+02,2.018304116359364002e+02,2.029950405383308407e+02,2.222662931876014625e+02,2.281394837172144321e+02,2.241472697521966211e+02,2.215305997367647137e+02,2.298785281470369739e+02,2.339807203653151078e+02,2.438554768340156613e+02,2.283578951554432592e+02,2.188658552514261260e+02,2.370670127379756877e+02,2.551091316832442999e+02,2.451362163123769733e+02,2.483833522485518301e+02,2.451582895887409848e+02,2.599064155782012335e+02,2.626361146681488208e+02,2.485481737090432830e+02,2.376371044571718301e+02
2.092483549091376744e+02,2.187318677600570140e+02,2.458955781361225945e+02,2.613375934734614248e+02,2.529784313652162950e+02,2.503238255580114355e+02,2.521840626964055616e+02,2.606510819448492384e+02,2.531351631871154950e+02,2.381161644309386816e+02,2.153115358788681135e+02,2.163383003227290544e+02,2.373944461098294028e+02,2.285686122634099320e+02,2.314828510296311777e+02,2.416980946728647552e+02,2.466401888390626027e+02,2.405102954546189267e+02,2.258292761984182278e+02,2.001842861592652412e+02,2.108798102554782474e+02,2.306806153985316712e+02,2.278468548999186112e+02,2.204450771130152589e+02,2.238526157726024053e+02,2.327253090945269491e+02,2.359492600160052973e+02,2.300457525685532971e+02,2.349276231983889716e+02,2.486941860301135989e+02,2.516794703917966558e+02,2.596069975395903384e+02,2.438016022031861780e+02,2.463113690284629342e+02,2.607807465239267231e+02,2.607816142476831374e+02,2.549068771533836752e+02,2.391269963696576610e+02,2.381394798672866671e+02,2.509542339640431692e+02,2.563226483779915839e+02,2.375104349205340952e+02,2.383720402714272097e+02,2.539640998267702798e+02,2.551124955996606900e+02,2.422739589701868681e+02,2.451541954501568057e+02,2.560334303098036344e+02,2.615078612038423103e+02,2.688731156031536216e+02,2.680757390399551241e+02,2.756699454694572751e+02,2.802124137868806315e+02,2.682698070150691478e+02,2.640801590152975677e+02,2.359206421795581434e+02,2.095143414772198582e+02,1.918287115666347233e+02,1.853956185199655522e+02,1.867650199864733338e+02,1.848611452651474565e+02,1.975968669447732680e+02,2.163111081217660683e+02,2.235404024396572993e+02,2.293044017454319317e+02,2.269997672576934633e+02,2.262841490147533250e+02,2.341524818816443769e+02,2.284182567236154568e+02,2.196650137816131121e+02,2.124158795461737554e+02,2.130228037272077586e+02,2.241582235509383452e+02,2.384674999940225462e+02,2.254883607541679851e+02,2.194082347166723537e+02,2.292569013564760496e+02,2.215359026907224518e+02,2.204475521619467600e+02,2.250134242527688002e+02,2.308811631819741308e+02,2.457904424959716039e+02,2.557003805875710611e+02,2.530907399047239323e+02,2.501699186336138041e+02,2.501216534927284272e+02,2.626959293786209173e+02,2.533257719379505204e+02,2.484503485526571183e+02,2.686238262850750971e+02,2.801513149372985936e+02,2.689182902129030026e+02,2.675815983254849471e+02,2.720731203396375690e+02,2.757963915663425496e+02,2.792139255630953585e+02,2.868047060362879392e+02,2.805257052570871679e+02,2.847703803161637666e+02,2.804932806709280158e+02,2.777380813345179718e+02,2.747198705291039573e+02,2.754159228482947128e+02,2.801448555180421636e+02,2.833281482851006103e+02,2.763632726038776468e+02,2.694466873035139542e+02,2.560711971655440493e+02,2.436554254793875600e+02,2.443740234756207030e+02,2.505888552256081709e+02,2.594486270464894346e+02,2.638656410008716193e+02,2.566669010678348855e+02,2.539208529502719784e+02,2.782042438859202775e+02,2.782156569235512507e+02,2.431418276518018899e+02,2.391664030598102215e+02,2.599863817269696824e+02,2.608848077083135877e+02,2.692371702486553886e+02,2.602010763073631097e+02,2.390334759122032438e+02,2.436095434253762733e+02,2.728906600790819539e+02,2.627447828711758007e+02,2.620355304794296103e+02,2.783620140098879574e+02,2.710391006181543503e+02,2.492779039855242331e+02,2.262557264084994699e+02,2.131030144560650399e+02,2.117801771199316363e+02,1.989700026451733379e+02,1.934428603050512265e+02,1.984202292472772911e+02,2.215606525235047570e+02,2.339983440601403402e+02,2.098864359601126921e+02,2.014167035606131435e+02,1.904291055194744047e+02,1.948786500754711994e+02,2.054981532861644382e+02,2.059438561093994622e+02,2.070202518637422884e+02,2.095915736263660278e+02,2.126396258458080695e+02,2.216167073483582612e+02,2.268927755136943460e+02,2.258917365010322840e+02,2.294362840648028055e+02,2.121244831953649168e+02,2.147939998069186629e+02,2.363585875482682752e+02,2.420310893547401747e+02,2.634739250043428456e+02,2.536154782242748240e+02,2.465904304991693721e+02,2.627003633893011170e+02,2.512654831329001865e+02,2.402803458683043800e+02,2.522921996347489255e+02,2.539814325631029988e+02,2.641597194750008839e+02,2.724870993345915622e+02,2.475413044734593200e+02,2.223158516405043770e+02,2.139169648925629303e+02,2.349275966242190350e+02,2.656836509513140072e+02,2.565619150073899277e+02,2.515284726065872576e+02,2.525406888371378216e+02,2.668241667577499356e+02,2.682971729947411177e+02,2.137917751091430034e+02,1.748637452432459440e+02,1.654926091856430617e+02,1.848048180540461374e+02,2.037855869848929160e+02,2.101909344821783066e+02,2.161377512980053837e+02,2.238960144699122452e+02,2.286371891757310948e+02,2.360742771342100355e+02,2.177486705574071664e+02,2.033262854495931151e+02,1.992947173136023764e+02,1.970604557040682039e+02,1.946066415629745165e+02,1.884719178400927717e+02,2.025267327916596969e+02,2.119841333060102215e+02,2.016113526182033127e+02,2.035291682230146648e+02,1.840736326846184454e+02,1.818977947206942645e+02,2.045952477839144592e+02,1.931881621901561630e+02,1.906896821731629359e+02,2.057147810417998528e+02,2.132840298969727257e+02,2.118239634779583582e+02,2.141289622185296651e+02,2.055757484679393485e+02,1.948165555533187216e+02,1.985622978764850188e+02,2.113533193448611769e+02,2.100420337245720077e+02,2.234400596219009003e+02,2.314811195960737109e+02,2.279716312017136488e+02,2.405751532518760882e+02,2.440080802719868416e+02,2.417604150372370952e+02
1.800426861974385702e+02,1.794973697854692034e+02,2.018306388928036768e+02,2.254450195888214807e+02,2.320532890399862822e+02,2.217575560988188670e+02,2.303512904424683825e+02,2.329284870615617820e+02,2.027855191303111440e+02,1.970419524722972824e+02,2.163866378988303438e+02,2.266754173190126096e+02,2.384494881690516479e+02,2.357642082741743366e+02,2.502132074766304868e+02,2.594499924902887642e+02,2.529091723289326126e+02,2.331522825208952554e+02,1.986599768988425296e+02,1.601027196177513758e+02,1.673648030340009996e+02,2.017765176161420015e+02,2.017782569438968778e+02,2.021423111519325175e+02,2.037059726696455755e+02,2.076618989643342843e+02,2.109350934085268250e+02,2.198700377138035833e+02,2.235561896824794417e+02,2.289584867622384650e+02,2.325313197159599383e+02,2.329027535963227535e+02,2.275923654267969027e+02,2.162630040562391969e+02,2.152525564269543565e+02,2.309344872061031424e+02,2.249829569909325642e+02,2.114105524557840567e+02,2.144198126467792633e+02,2.300530391919033093e+02,2.296990680848734598e+02,2.265369136235052565e+02,2.208651185381946220e+02,2.156820965826986480e+02,2.206964479968245314e+02,2.120256233718379519e+02,2.092527917287749233e+02,2.174191303180599277e+02,2.217267412003600953e+02,2.288623081133345352e+02,2.377897426640998901e+02,2.520738660561168274e+02,2.408715907848573465e+02,2.275401126548505886e+02,2.237571940230133123e+02,2.237187179956177374e+02,2.119494613946822028e+02,1.873740219351658141e+02,1.739308162539078353e+02,1.722032754300589090e+02,1.811632246019175057e+02,2.040970811632094808e+02,2.190047360033453572e+02,2.219397690933264755e+02,2.118882868426045718e+02,1.989595735352191355e+02,1.978621722954749202e+02,2.082015639567854350e+02,2.135423818907776763e+02,2.216742122396543095e+02,2.417413338420842592e+02,2.427736256126768808e+02,2.329752252633158491e+02,2.330191883777634132e+02,2.101554540170253631e+02,2.010637173580382466e+02,2.109926287811942700e+02,2.292467852080171724e+02,2.394199119480139757e+02,2.428213789624836352e+02,2.388105643843793757e+02,2.412192660799925932e+02,2.512736393003196440e+02,2.472820217945636045e+02,2.370164393547708528e+02,2.222920350874018141e+02,2.250020924514068952e+02,2.479520654640201371e+02,2.487209596474070281e+02,2.451972803738046025e+02,2.441449793798824999e+02,2.519400228470343279e+02,2.667734348714905082e+02,2.534367316157437244e+02,2.484444308776724029e+02,2.584885123257225814e+02,2.682498489598174842e+02,2.691564339405730379e+02,2.719808084845786880e+02,2.697030482385990808e+02,2.716803051348125564e+02,2.770856668247414518e+02,2.759955156261857496e+02,2.771897828745722450e+02,2.708755338611321122e+02,2.764198919856257248e+02,2.775915900595829271e+02,2.572814825219212480e+02,2.395360899243180484e+02,2.408074713318758313e+02,2.504226694731280531e+02,2.621589961764923373e+02,2.716368073161400503e+02,2.706956053825530262e+02,2.636742028293019757e+02,2.730192187988586170e+02,2.900509364857602463e+02,2.801132814232394708e+02,2.676426000288766431e+02,2.531953379532820350e+02,2.471137330420589819e+02,2.523259461264148626e+02,2.680908002524320750e+02,2.726251184711597944e+02,2.638976975573541495e+02,2.628161439444339749e+02,2.366358872934571593e+02,2.260565121803852264e+02,2.364221810804666291e+02,2.264557758814261206e+02,2.045014527036419736e+02,1.892927501691523275e+02,1.836158488419180799e+02,1.883835144870265026e+02,1.808615399189769732e+02,1.672200365510152551e+02,1.634942128113087279e+02,1.777612133596558692e+02,1.818062628450806528e+02,1.718578098391882349e+02,1.720786538248248121e+02,1.662697751636956127e+02,1.666769764553437767e+02,1.861336920722593504e+02,1.848025180287582998e+02,1.617241826304712333e+02,1.564213348884410948e+02,1.604719393345935714e+02,1.676695462824014839e+02,1.832944920090769187e+02,1.970563908163769042e+02,2.107499691208942352e+02,2.048237764828427885e+02,2.021944840603663351e+02,2.110786412429353049e+02,2.139594585771654636e+02,2.351833417812882772e+02,2.169707002195942209e+02,2.121109673117662453e+02,2.209400898511383105e+02,2.260090073379072351e+02,2.371570345141108191e+02,2.497821256406215014e+02,2.647360837892114773e+02,2.651577444234993663e+02,2.594909863329800714e+02,2.599479795153696386e+02,2.283814920387481209e+02,2.245010003284008917e+02,2.522394037531693129e+02,2.618323232052172784e+02,2.706372359747048790e+02,2.702107746487215536e+02,2.659512919213405553e+02,2.617098496440498820e+02,2.535733016719797490e+02,1.604880276714892489e+02,1.276756349581617229e+02,1.308889270019064099e+02,1.559222940250758143e+02,1.844601278083397062e+02,1.934038354534141888e+02,2.025657227379305425e+02,2.133510323148014720e+02,2.086980875868599412e+02,2.103476544335636618e+02,2.070497406178577080e+02,1.946540958253404199e+02,2.023548197685529431e+02,2.016156560707887593e+02,1.941340209085846595e+02,1.969021133032614443e+02,1.865708057128020414e+02,1.743135794041013469e+02,1.819394112112755693e+02,1.936319017899652692e+02,1.835912877528887179e+02,1.749915180816322788e+02,1.841756624860895499e+02,1.798104413457184307e+02,1.865802228585150147e+02,1.827956047235302890e+02,1.785534358782173285e+02,1.756229944207577205e+02,1.774189216335847448e+02,1.856481925105283892e+02,1.922240476426235603e+02,1.803900155620761439e+02,1.837133633901057124e+02,1.941389623007674459e+02,2.063349930978504290e+02,2.196634867845328358e+02,2.055431350955699941e+02,2.146491784033990484e+02,2.281822081634306585e+02,2.219651246443612536e+02
1.958314246418189839e+02,2.015261909675282936e+02,2.205093201034958099e+02,2.276273503005722603e+02,2.435792212941507842e+02,2.442093638225339305e+02,2.384760597160827444e+02,2.381972000717557592e+02,2.120355617181419632e+02,1.974920642225312974e+02,2.163196464219106758e+02,2.314207729835417240e+02,2.340856412939109248e+02,2.173529210995352514e+02,2.136862951067711833e+02,2.340409582013107581e+02,2.389242185535003955e+02,2.391790569022370221e+02,1.895883588161341891e+02,1.687365277819488369e+02,1.845583534140675681e+02,1.875218597336813104e+02,1.778232747592698217e+02,1.790011742017009908e+02,1.829578168088937105e+02,1.922773467373022527e+02,1.891931313210945973e+02,1.975639412165238866e+02,2.009284907860314604e+02,2.007081774694222247e+02,2.092373193052072224e+02,2.005023466504020746e+02,2.021202228686007061e+02,1.973058260615585198e+02,1.933946989368336347e+02,1.903225576527680687e+02,1.882535854904649284e+02,1.979343475258639842e+02,2.079552374385911548e+02,2.073168825459003131e+02,2.017335321319581851e+02,1.986666245264027282e+02,1.965894527961353617e+02,2.024908797506796532e+02,2.000728490065727101e+02,2.039798749571480982e+02,2.045257573819481536e+02,2.066824544037258420e+02,2.154795650229197008e+02,2.093822765656536262e+02,1.977171371496708048e+02,2.116051103617712670e+02,2.244957238224883156e+02,2.325405289814497110e+02,2.327360469354097745e+02,2.417664304858261914e+02,2.366374759033846544e+02,2.375324774843620048e+02,2.192926653050880930e+02,2.062778869911814752e+02,2.136937047140172581e+02,2.036042240566341661e+02,1.991861279557649596e+02,1.997482602765955448e+02,1.901145398321310438e+02,1.910399507144529139e+02,2.010573110667245373e+02,2.089428939743946216e+02,2.077298496845686202e+02,2.049668131797771480e+02,2.063935416231394697e+02,2.015519718854399116e+02,1.999510318943502796e+02,2.077287925423498791e+02,2.177483006451202527e+02,2.112477026434818583e+02,2.175776554651229162e+02,2.185317371216345350e+02,2.072538923066618963e+02,2.133643021599758924e+02,2.384460164008115157e+02,2.397634889146833075e+02,2.305000436343698880e+02,2.304231909218014209e+02,2.359612136973946690e+02,2.485121807539512417e+02,2.362454435545524802e+02,2.392927029904880385e+02,2.617305521893148352e+02,2.680732783143085953e+02,2.636993547095900681e+02,2.658985197814023422e+02,2.732313598993439427e+02,2.778798921554355843e+02,2.781596176981970530e+02,2.809596651889960981e+02,2.863979166657969699e+02,2.764306014942595766e+02,2.624950412220528619e+02,2.480378845273532420e+02,2.527748947855756114e+02,2.612366127202776624e+02,2.503631955840657213e+02,2.474923485126902847e+02,2.505886913930617368e+02,2.427051181235956676e+02,2.417602019131452664e+02,2.346801882837717130e+02,2.305757742642551591e+02,2.507594624685178246e+02,2.730851325101805287e+02,2.588705379333933934e+02,2.570222633162078409e+02,2.593679110123700866e+02,2.509197028528811302e+02,2.583135713079484503e+02,2.817121589682340073e+02,2.714023729918890240e+02,2.594658986436427313e+02,2.504238754551041666e+02,2.552574644432959303e+02,2.570756943425895997e+02,2.711872978325401959e+02,2.655191560832348614e+02,2.529746291931491839e+02,2.517922788968746772e+02,2.535976484476163364e+02,2.374648495989507353e+02,2.307609076808711279e+02,2.193861103329987543e+02,2.180858322231016473e+02,2.214451570147793404e+02,2.350495801346343114e+02,2.469065183422054304e+02,2.216022550919836647e+02,2.046683848092470726e+02,1.973862362094575928e+02,1.879455123496178715e+02,1.952527925253828300e+02,2.098772612382860814e+02,2.243138350161184178e+02,2.167127050605386671e+02,2.005257421944875489e+02,2.022438066414513003e+02,2.238460799402408270e+02,2.114297498173356473e+02,2.073297377576652707e+02,2.128117109944464573e+02,2.214414732342419541e+02,2.388781044722733498e+02,2.366604276717961852e+02,2.281958379078808434e+02,2.310490781678351198e+02,2.372322403917843019e+02,2.387018522632555175e+02,2.292930140657040283e+02,2.266382205261070908e+02,2.374909291014330392e+02,2.331689294238098284e+02,2.299784464754557405e+02,2.224706936781290381e+02,2.220877342288372063e+02,2.168517302752892988e+02,2.214266926688736419e+02,2.297678737734626395e+02,2.347027775809530112e+02,2.436317294994684346e+02,2.254795136426257898e+02,2.232093504210376125e+02,2.359637075709214287e+02,2.333216562649702439e+02,2.307912567107982511e+02,2.202663649203364002e+02,2.136715437251116327e+02,2.099332171968049465e+02,2.356256418735351872e+02,2.028605055105256554e+02,1.873757183717210353e+02,2.076188497181358059e+02,2.263959706404608028e+02,2.319448690011838607e+02,2.316518567958625852e+02,2.370463339417065640e+02,2.378172421479993659e+02,2.338204507116022342e+02,2.463755048830563794e+02,2.534134880872626638e+02,2.442806554508216834e+02,2.323799469428464590e+02,2.269832558406973817e+02,2.165214152668573035e+02,2.282785250518638804e+02,2.211992101096414274e+02,2.054536519395545042e+02,2.110250041934496323e+02,1.947683169051345544e+02,1.978782193217180065e+02,2.123442610746325272e+02,2.060104165080723249e+02,1.893570470031363016e+02,1.940476997330004565e+02,2.024791639636267462e+02,2.111975474979732041e+02,1.908300820993859190e+02,1.876549780176389390e+02,1.930904915751694091e+02,2.147822665215463758e+02,2.253821534236691946e+02,2.187653126589355566e+02,2.261641390583534417e+02,2.520352950916143584e+02,2.480216903533891752e+02,2.304710488812372660e+02,2.394807045074071254e+02,2.435577657286614510e+02,2.200082835691103753e+02
2.223634143259450298e+02,2.226598564555443431e+02,2.408048327121334182e+02,2.528611594606712742e+02,2.578054295241081491e+02,2.575064221520087813e+02,2.487375253297204267e+02,2.462517317270695401e+02,2.396132693501926383e+02,2.217470272466873951e+02,2.271398276700655003e+02,2.436566309689622187e+02,2.284617761002035081e+02,2.034768600457367143e+02,2.020609788595315877e+02,2.220098561585422203e+02,2.405884973706341441e+02,2.403942349887067280e+02,2.117258968177220027e+02,1.898421513137950853e+02,1.934540404777427227e+02,1.905251042017303007e+02,1.887500474100978067e+02,2.041065513823396032e+02,2.063748402793275432e+02,2.109798463501744266e+02,2.107492455186577160e+02,2.057778329692928025e+02,2.080155099836515546e+02,2.109656037201382048e+02,2.133695754167122516e+02,2.129068823124164282e+02,2.213314914159306284e+02,2.095832742143887231e+02,2.124560780455186659e+02,2.006187249329392444e+02,1.852504263008491137e+02,1.915548411162218656e+02,2.056723716687016577e+02,2.056944980135053527e+02,2.058693046626678154e+02,2.084020984394795164e+02,2.000546072108571423e+02,2.030066090421203171e+02,2.022366296817191937e+02,2.015324496041826592e+02,2.000210792149360373e+02,2.074683609016745436e+02,2.195648953284140248e+02,2.168409717341642988e+02,2.153118356799272135e+02,2.200734107194336957e+02,2.308758097805097123e+02,2.478319596690663502e+02,2.624357470377505024e+02,2.531339579996428597e+02,2.393710548517623806e+02,2.459566653571839936e+02,2.355672634201256983e+02,1.994142438503313883e+02,1.775502846502999716e+02,1.779986560332995964e+02,1.883031642581283052e+02,1.932650775198569590e+02,1.983478012966194228e+02,2.012135484500442146e+02,2.015980383705553720e+02,2.055134291279818228e+02,2.011683290864796447e+02,1.826484096688098759e+02,1.784214681782816001e+02,1.902097865876492051e+02,2.049856687903857733e+02,2.020448014342203749e+02,1.983495837880990962e+02,1.998538877125392901e+02,2.101877589836979610e+02,2.134926775060590955e+02,2.031639457840093996e+02,2.054473909904963023e+02,2.264422872110026503e+02,2.327137195237089031e+02,2.289694431132865020e+02,2.209891535822911806e+02,2.214280048481960250e+02,2.427219751573509257e+02,2.454847390647245788e+02,2.410097889011838674e+02,2.403923711259908487e+02,2.580633218708508139e+02,2.481846283005063469e+02,2.529237867037952014e+02,2.630863374085788564e+02,2.637999540822085578e+02,2.656480826503785693e+02,2.702101029023824026e+02,2.708218249904949175e+02,2.681089564168350421e+02,2.588297423388064544e+02,2.503919275060573852e+02,2.548711310478040559e+02,2.506149942742105736e+02,2.456446095233687856e+02,2.505020274403330234e+02,2.401324871547626287e+02,2.373290034683457179e+02,2.423921798623755990e+02,2.359288537610175638e+02,2.262278188421678919e+02,2.452466586112053051e+02,2.646965179000492867e+02,2.530609364847807683e+02,2.536057238325707317e+02,2.549470532092757082e+02,2.422754057260434024e+02,2.442356445587479925e+02,2.681194092533810363e+02,2.757503878920391571e+02,2.609853191157954484e+02,2.534663843089387569e+02,2.639409642114424628e+02,2.667003813865943016e+02,2.724759276294117853e+02,2.585036000659699198e+02,2.499401266261450303e+02,2.495320579896415722e+02,2.629527912607020426e+02,2.643546297686058324e+02,2.734353954342786324e+02,2.869865650199045604e+02,2.821849204272079987e+02,2.710242313998435293e+02,2.663618651829962687e+02,2.752882501521457925e+02,2.631802409123719144e+02,2.567818948263669085e+02,2.600061335081850871e+02,2.669919133802667375e+02,2.631127760087141496e+02,2.533339306084328371e+02,2.519956528684205068e+02,2.406485754258223153e+02,2.294415702104508625e+02,2.412543899532513478e+02,2.526988532513543078e+02,2.485291934366079829e+02,2.474302409864070569e+02,2.468663234574586909e+02,2.526876334741322694e+02,2.477700376691392989e+02,2.347696123006202811e+02,2.210087158861983312e+02,2.147800682757670074e+02,2.118694100759611842e+02,2.117605365912546347e+02,2.097585993309355956e+02,2.052395515001069271e+02,2.068067094992161401e+02,2.043774154743647387e+02,2.017226613529322776e+02,1.991009146611733343e+02,2.089062061505399015e+02,2.035814916715032439e+02,2.078936810199259071e+02,2.175185831752428101e+02,2.262877094084610690e+02,2.301483035737515763e+02,2.280925369251135635e+02,2.240773010550713025e+02,2.270959312485922794e+02,2.353859261612077489e+02,2.281660931263352268e+02,2.276159692634327882e+02,2.285670802135736892e+02,2.267923863668706872e+02,2.405416372132973493e+02,2.458801311118165245e+02,2.399446903379978266e+02,2.409250321725135109e+02,2.519631523169427680e+02,2.601819767340372209e+02,2.503069455884573244e+02,2.562392356904473445e+02,2.616295136446966580e+02,2.598577365318029706e+02,2.714515645254547280e+02,2.573069689052385343e+02,2.550597924290401295e+02,2.690003381106526490e+02,2.683498806462178550e+02,2.558359583570426139e+02,2.638500690778978424e+02,2.752615963569226096e+02,2.834955442999220168e+02,2.805647661756866000e+02,2.712117428772834273e+02,2.715872823507724547e+02,2.732890728574541299e+02,2.663638709312389210e+02,2.606038145083746826e+02,2.605813768703453661e+02,2.710990639863133538e+02,2.782430275940771480e+02,2.865169209491124320e+02,2.762686431554477053e+02,2.620198867298939831e+02,2.696627600325417120e+02,2.675306080357876226e+02,2.750524531266951271e+02,2.867412993586501671e+02,2.810530841945600287e+02,2.673559958199456901e+02,2.542038358111329899e+02,2.783805560774669061e+02,2.542459416605270803e+02,2.320804518584470770e+02
2.153195553182878541e+02,2.224203962552203677e+02,2.416686715238155898e+02,2.526277647855800410e+02,2.670124227471636686e+02,2.667512605069127289e+02,2.653242771709033150e+02,2.591612864434799235e+02,2.410407992430216666e+02,2.324148985841709134e+02,2.332905238699080144e+02,2.482274301228833338e+02,2.688593841630363954e+02,2.793667708972778883e+02,2.698717417843001840e+02,2.660219655937933680e+02,2.630756412162816673e+02,2.707057644176097142e+02,2.499481045729589255e+02,2.406883107242074686e+02,2.434440809689455136e+02,2.396222833583262855e+02,2.405422791568838932e+02,2.519272276266010806e+02,2.426993217068280444e+02,2.437190480365750886e+02,2.397784441505721702e+02,2.342067984075465006e+02,2.359912585167630823e+02,2.410802664563236419e+02,2.506859353014031626e+02,2.466554442407145871e+02,2.539758315439571845e+02,2.536804494615590500e+02,2.383190436055711530e+02,2.392195000846452899e+02,2.386531521581406423e+02,2.311319425635184075e+02,2.357305288094935918e+02,2.404888481044007733e+02,2.461502341937433869e+02,2.591133609550449819e+02,2.629831004838101762e+02,2.601892121572619203e+02,2.434783736809607149e+02,2.175563451571560734e+02,2.313045286171247881e+02,2.330943238339722825e+02,2.390870663830343119e+02,2.606079440685945201e+02,2.528404333045971271e+02,2.424056351180672380e+02,2.475050408014409697e+02,2.525538381937648467e+02,2.475485842508776386e+02,2.475954680551948570e+02,2.551607846097496974e+02,2.417008427365657610e+02,2.316746676380384997e+02,2.418571296007106071e+02,2.435187251054016713e+02,2.422314507147033567e+02,2.435420455848966412e+02,2.382492171375149610e+02,2.410001797584811243e+02,2.467110803189953288e+02,2.350839277803949301e+02,2.190728508057319459e+02,2.258062075649377789e+02,2.426365221336101854e+02,2.535588925536870875e+02,2.469556796171577275e+02,2.511865956492858629e+02,2.522895632145082061e+02,2.292856063434886096e+02,2.189010781648793795e+02,2.213081069373966443e+02,2.273619154869936381e+02,2.390931663522613917e+02,2.388500588710931822e+02,2.544142507688731030e+02,2.546307569367077974e+02,2.518921129054993457e+02,2.623437541684689904e+02,2.619081103807508271e+02,2.630360226762413163e+02,2.651311793464343509e+02,2.655598862680531624e+02,2.562148627720179093e+02,2.647745919277280109e+02,2.685051764810844475e+02,2.762801794771268646e+02,2.725456277175580908e+02,2.645617238203873285e+02,2.764961997056382188e+02,2.855360827059202506e+02,2.824789944168361444e+02,2.915613232993962356e+02,2.862724363067719651e+02,2.817030731433819710e+02,2.818086389431759926e+02,2.889919860792940653e+02,2.929429469291345072e+02,2.920399881125876504e+02,2.811745879153803571e+02,2.812708418706967564e+02,2.809849494988099536e+02,2.870572257305162793e+02,2.926719851131593373e+02,2.771581908131458363e+02,2.824011354225502259e+02,2.814546528331017612e+02,2.815128839670393859e+02,2.879937335338967728e+02,2.823129403284838190e+02,2.805741750018460152e+02,2.824121322267843652e+02,2.926765446316295538e+02,2.807612924881804020e+02,2.712587579577091219e+02,2.740115677417982738e+02,2.838031348876816082e+02,2.884406654929134106e+02,2.841986558879942208e+02,2.922354301326368500e+02,2.929701783002113302e+02,2.801906344776655260e+02,2.756704062813992664e+02,2.824226027694959953e+02,2.877582663839050383e+02,2.773665195440691491e+02,2.548654865726353762e+02,2.565844595253724378e+02,2.654586761414192324e+02,2.740602942308555043e+02,2.778764866206052488e+02,2.738551836011941987e+02,2.666187119949012185e+02,2.551335625904519588e+02,2.404709073900880298e+02,2.450578006367776425e+02,2.510007177274721073e+02,2.514766144673422446e+02,2.565674778196269017e+02,2.633646496600553064e+02,2.724847865297870726e+02,2.669194841027413077e+02,2.667007870850210338e+02,2.645742864805485510e+02,2.599601170736180507e+02,2.630175781410941909e+02,2.566436307126091947e+02,2.532807473651999999e+02,2.587309025584301025e+02,2.500585887660227797e+02,2.445806167142742709e+02,2.375371790203562341e+02,2.355205680663440830e+02,2.481546222215417856e+02,2.544980235222911347e+02,2.482895262047380527e+02,2.600202621665408174e+02,2.670921467154270204e+02,2.629828655545194351e+02,2.549301580178172344e+02,2.601180858688457533e+02,2.491693608875401935e+02,2.495788155191701776e+02,2.366280899351239384e+02,2.218007846122907267e+02,2.388779663425885644e+02,2.552810324827416082e+02,2.538788932100972318e+02,2.464850269874752087e+02,2.567744886176655541e+02,2.711393668042558147e+02,2.527369916828701264e+02,2.435743029720931361e+02,2.448579091261342455e+02,2.399962109180014238e+02,2.505422214460258203e+02,2.651643738009145181e+02,2.485626739333139881e+02,2.609618464764733972e+02,2.653715090304449973e+02,2.704643818402513489e+02,2.600778040752531979e+02,2.487169504341625839e+02,2.446266590770378855e+02,2.560218179747375871e+02,2.584855274966237744e+02,2.515259291859310906e+02,2.530159915569597047e+02,2.432699163985640212e+02,2.505390405291559546e+02,2.461996516092038974e+02,2.343789245741996297e+02,2.277850007144827487e+02,2.419228417650470533e+02,2.425613455312963538e+02,2.460232338461914310e+02,2.486169057497433243e+02,2.538215398861389644e+02,2.505406604111006175e+02,2.538351191478290332e+02,2.482126222178421813e+02,2.393759859938261059e+02,2.424451139482640656e+02,2.088328783220326272e+02,1.920349873499865510e+02,1.876502069830170285e+02,1.820953303451173042e+02,2.094749047962996542e+02,2.504474518263457412e+02,2.369689696291597443e+02,2.311963162491329058e+02
2.029557016410819301e+02,2.185328244339370087e+02,2.240164147827194085e+02,2.264356334546500875e+02,2.468359902864768856e+02,2.613963252641821668e+02,2.604872914794387952e+02,2.595995112053541902e+02,2.442490979104978805e+02,2.343733527803736081e+02,2.213991552752879386e+02,2.267491209937801102e+02,2.406579132224468367e+02,2.490419159820871471e+02,2.498953305596263590e+02,2.546955030563985360e+02,2.268420309661592000e+02,1.847712763860386644e+02,1.792107997047984327e+02,2.013571675483681531e+02,2.094158223375937098e+02,2.152389515803745894e+02,2.092619235057999845e+02,2.136065552458142918e+02,2.189052218246722532e+02,2.263360325287666797e+02,2.334830263138554187e+02,2.261169104986306309e+02,2.341414310515836803e+02,2.347918018098082484e+02,2.409824835026918208e+02,2.316069969703664242e+02,2.337924258703835392e+02,2.211239355281593362e+02,2.106106145677774180e+02,2.118498754616841211e+02,2.160115199334536271e+02,2.188667463117258194e+02,2.303230690360146298e+02,2.343147274918084690e+02,2.301616099366275137e+02,2.214753479091747579e+02,2.279143854380315020e+02,2.358068992741545742e+02,2.399357133079922164e+02,2.285041717001394659e+02,2.389527462993390827e+02,2.303716552749019684e+02,2.250135377886139167e+02,2.388259880849381602e+02,2.457033991933644472e+02,2.419044494991896670e+02,2.364182040695966975e+02,2.394453629718199181e+02,2.399096825869612246e+02,2.402949622404887862e+02,2.174553646748451001e+02,1.872863699366695585e+02,1.894713677384823143e+02,1.855708184856359537e+02,1.829973484008217213e+02,1.778553520806865151e+02,1.778837167772640555e+02,1.854646866232443188e+02,2.110503828621779121e+02,2.279394778426639618e+02,2.133908718128041642e+02,2.195200559799574194e+02,2.323780876880612425e+02,2.472704956089380062e+02,2.522027571489995239e+02,2.531667343242013146e+02,2.557537169449643386e+02,2.509852315499691429e+02,2.316158449430914743e+02,2.209364692639558712e+02,2.293027042173181371e+02,2.420811075808444457e+02,2.623401399040617434e+02,2.700501308187102723e+02,2.784097821065582821e+02,2.649078803433973235e+02,2.585262345298263540e+02,2.617653006092889427e+02,2.554028870017694999e+02,2.599055290691957225e+02,2.644022440583215712e+02,2.767243001325858245e+02,2.725109369909218913e+02,2.774783195106900848e+02,2.925725387044037689e+02,2.873634216628595937e+02,2.832329378045416206e+02,2.752594326081699592e+02,2.545772820645925947e+02,2.524358458593948740e+02,2.722421904782230513e+02,2.885740123021992645e+02,2.718176465579865635e+02,2.716576936109855751e+02,2.838921808488701117e+02,2.842909766183967122e+02,2.861310209113190695e+02,2.908625933818577209e+02,2.812148568767643155e+02,2.757021783383491993e+02,2.768498263126920733e+02,2.788752043136574912e+02,2.606523304092114586e+02,2.452077628701354683e+02,2.555224178815678897e+02,2.756472783741400008e+02,2.772099868036614225e+02,2.725257097229734313e+02,2.800216834110847230e+02,2.841798716245859282e+02,2.774850650283951268e+02,2.588810123269262817e+02,2.585098120529962102e+02,2.600528606275618699e+02,2.521018243046324869e+02,2.530911956056622785e+02,2.806754502511753913e+02,2.829114556689659139e+02,2.833617649504280394e+02,2.821882063050380793e+02,2.833706745052356268e+02,2.696934527145488119e+02,2.682635875815000190e+02,2.695870350605464409e+02,2.737947206426186995e+02,2.669901113093008007e+02,2.683910540446804589e+02,2.739225403595788748e+02,2.784730964169342542e+02,2.815414004004285289e+02,2.857801917410206443e+02,2.747829594503020303e+02,2.729902350010817145e+02,2.531228323478666766e+02,2.552589742032682807e+02,2.649565260444003911e+02,2.598640654047996463e+02,2.700425858016175198e+02,2.794485137067407550e+02,2.725020560975768262e+02,2.547669058276999294e+02,2.514692398962995128e+02,2.630827541777264855e+02,2.653270470140810176e+02,2.659834660248118325e+02,2.640049123900419659e+02,2.579271916403172327e+02,2.576307829819040194e+02,2.608281161061375997e+02,2.686245006526198722e+02,2.554537107389375592e+02,2.368602104376181217e+02,2.398726904458632703e+02,2.505039945488414332e+02,2.539379493534508470e+02,2.649289039479260737e+02,2.709392318723329254e+02,2.559589021497643557e+02,2.641953677610312639e+02,2.708317180090184593e+02,2.411636263224695540e+02,2.311306840717643922e+02,2.109186193512606735e+02,1.917802393216135783e+02,2.122009294602606246e+02,2.320365480460730794e+02,2.391417448075519872e+02,2.356130074201387288e+02,2.488789079369945512e+02,2.652647286051899869e+02,2.491825906070052099e+02,2.409821445871879746e+02,2.459316341811444317e+02,2.376210725739291263e+02,2.258262933355190114e+02,2.316538264675428707e+02,2.434699730204486627e+02,2.360907149076417397e+02,2.366626333460939691e+02,2.453513526542279237e+02,2.327896286569571771e+02,2.159719479486204818e+02,2.115436804718189592e+02,2.199867934439353121e+02,2.349941633231637184e+02,2.237854619183242164e+02,2.103502455381904497e+02,2.186910436870842886e+02,2.184311618360091813e+02,2.176262056132440534e+02,2.067237073367778066e+02,2.023149296162175972e+02,2.240580390002909894e+02,2.336587980225436354e+02,2.239110108178826408e+02,2.178346134415664324e+02,2.320875549126770920e+02,2.340363736071762162e+02,2.320042769308132335e+02,2.141315809594509005e+02,1.892951651018148596e+02,1.831801963727262432e+02,1.671295715913523168e+02,1.581853334233193493e+02,1.712476265825152382e+02,1.606471074981049298e+02,1.642159364447132077e+02,1.797887334229010321e+02,1.811687568149614549e+02,1.788057310332697227e+02
2.065881316981147506e+02,2.187895109685485409e+02,2.126773008107130067e+02,2.245461067725013038e+02,2.388236743746055311e+02,2.425098910195052326e+02,2.551814446195244841e+02,2.494429945779902482e+02,2.346931893530199034e+02,2.288816076871085841e+02,2.077761300857724507e+02,2.082014500698333563e+02,2.327802290263753378e+02,2.388855077079248019e+02,2.366329904655275413e+02,2.397124650058811710e+02,2.416715190291332647e+02,2.100243190706826795e+02,2.039667213122722842e+02,2.055998428685029751e+02,2.083510719527045012e+02,2.138708075338932701e+02,2.108798839110935432e+02,2.230365623506244219e+02,2.260246895787738595e+02,2.364614512595299516e+02,2.557964222324434900e+02,2.498564651482382715e+02,2.439814701138206487e+02,2.410195026975337385e+02,2.452503876597311887e+02,2.449355094517094642e+02,2.473104040516584519e+02,2.413776481159806337e+02,2.412751555484715595e+02,2.647849463449191489e+02,2.740522337222560054e+02,2.682331711699343373e+02,2.581798561406878889e+02,2.596458623181991925e+02,2.530361544157140656e+02,2.351805704103498442e+02,2.360180651815015551e+02,2.450093988460712922e+02,2.522497259368364837e+02,2.687651307748143381e+02,2.720230009569935987e+02,2.596191117813033884e+02,2.456461075640639820e+02,2.504600197965520465e+02,2.539954063341749304e+02,2.591900081996891458e+02,2.623946392777837104e+02,2.752316388704280143e+02,2.687269475084368082e+02,2.576029572400818779e+02,2.196833314867668321e+02,1.885629144455230346e+02,1.876372526308170734e+02,1.899812492973035205e+02,1.925080283395713536e+02,1.808472566775989776e+02,1.840907917378185346e+02,1.993283197501366999e+02,2.310632759145270256e+02,2.457205439763225741e+02,2.340242333230305007e+02,2.294120843565536063e+02,2.207991729821864624e+02,2.229665408812470559e+02,2.314205293841305036e+02,2.273587758740349045e+02,2.404929478122734849e+02,2.779513356555582391e+02,2.813205693891256942e+02,2.581713210056127537e+02,2.551484956949091440e+02,2.627874756199454396e+02,2.635417938096958324e+02,2.508941689689165173e+02,2.459549966922951114e+02,2.563076250603204471e+02,2.689818596315211607e+02,2.626964380742899152e+02,2.632497730196506041e+02,2.683320490461658210e+02,2.485159796255296385e+02,2.447216078545400251e+02,2.558859583345444548e+02,2.757491689980442970e+02,2.823098655410021252e+02,2.973202940452680991e+02,2.889312213108350988e+02,2.958468525233627133e+02,2.918130404945588907e+02,2.718254914039381447e+02,2.839120781537826019e+02,3.064002177135305942e+02,2.831998529833137468e+02,2.747264626590049374e+02,2.803745511542716145e+02,2.894523136299461044e+02,2.897322845111234528e+02,2.923874142849486475e+02,2.776525105740900017e+02,2.631708085296866670e+02,2.538905192648569198e+02,2.526855252288149245e+02,2.613328548093676318e+02,2.748606320553643059e+02,2.714587816585054725e+02,2.750815699839155286e+02,2.750886719190482950e+02,2.631701476095558974e+02,2.577631386473132693e+02,2.759980893979098937e+02,2.784659668288249463e+02,2.631808008434405224e+02,2.582249836446063682e+02,2.766758344673592092e+02,2.821759528952308642e+02,2.820322279139088550e+02,2.817330106919939681e+02,2.622278691686839807e+02,2.640173393384040992e+02,2.680690934786254047e+02,2.797414268824489341e+02,2.757406420544689354e+02,2.780732038302949718e+02,2.811960087710178300e+02,2.713069285712622900e+02,2.774851567219316735e+02,2.812306244005329745e+02,2.699123289934934178e+02,2.738917331765301810e+02,2.686215560969229728e+02,2.663250647550941608e+02,2.679161979775876716e+02,2.711931420137751161e+02,2.661773533110152243e+02,2.698851340867020099e+02,2.797740580587657746e+02,2.649785410485091575e+02,2.644528419452406069e+02,2.683765801581831170e+02,2.687745164385888756e+02,2.508550383391695391e+02,2.517687103380025064e+02,2.650075531844053103e+02,2.732341988530297954e+02,2.774535972292791826e+02,2.605497609259622891e+02,2.596542620685779070e+02,2.586718023294664022e+02,2.514250029076980582e+02,2.497812923121578592e+02,2.482732117852840190e+02,2.420276809173520292e+02,2.439103536508546313e+02,2.556672662770996851e+02,2.560954571843805638e+02,2.633378849760674143e+02,2.511431831855328198e+02,2.465337582902322993e+02,2.473768293220774694e+02,2.506675580277663187e+02,2.599652226687350662e+02,2.633218000912701768e+02,2.497960918765888323e+02,2.467231446711402043e+02,2.644830645189221627e+02,2.520859796131998110e+02,2.416403733778181788e+02,2.516890513070537736e+02,2.660410482540738144e+02,2.781885069524417986e+02,2.559541861477191560e+02,2.468852533745404116e+02,2.560869927972044593e+02,2.457573280358598709e+02,2.341512045290634205e+02,2.437237024159463488e+02,2.527293040397891559e+02,2.488749646474839494e+02,2.407737452639245248e+02,2.494925760575453637e+02,2.450765837986036217e+02,2.297501309000827803e+02,2.419207473739996885e+02,2.620882121604910253e+02,2.594151583655655031e+02,2.490265947918094582e+02,2.337265519881063369e+02,2.418867319348180445e+02,2.483294781955487451e+02,2.479990635007532944e+02,2.547231087763545929e+02,2.524804801890590795e+02,2.587135115375100440e+02,2.643817175634076762e+02,2.623422034947723205e+02,2.607422743277832069e+02,2.696523425725836205e+02,2.775675590383210647e+02,2.653002399773858428e+02,2.341294743016561881e+02,2.024182135035530905e+02,1.949017908759107058e+02,2.028378387240724692e+02,1.995521447903332728e+02,1.931322145860322337e+02,1.898393684218309829e+02,1.756197785320605078e+02,1.727871558186634502e+02,1.858381999741965842e+02,1.930679123237678709e+02
2.169928439957700164e+02,2.192705923445602423e+02,2.183336768440467210e+02,2.312333699589333378e+02,2.438581132944352419e+02,2.412662299974568327e+02,2.454215185612340520e+02,2.467091586379404475e+02,2.093102724480297638e+02,2.084567364289509328e+02,2.128509894933129942e+02,2.046132218694719995e+02,2.297630497375342884e+02,2.505463049870202497e+02,2.332465002601579727e+02,2.301596206871577124e+02,2.508336250013397830e+02,2.462558860154495335e+02,2.199034840748456077e+02,1.951431640507510679e+02,1.960034985842559649e+02,1.944736801288896686e+02,2.060855261407037915e+02,2.192620292561690576e+02,1.942134877671325910e+02,1.862051106091176109e+02,2.039785200932631142e+02,2.057919155806703770e+02,2.016158337602843460e+02,2.162615631171047141e+02,2.043048735234656306e+02,2.052907875021667223e+02,2.043372082022949883e+02,2.055976438263407147e+02,2.119734436890837515e+02,2.117553954096770497e+02,2.189609010986107762e+02,2.215995399896990250e+02,2.091494865101468292e+02,2.039572599499612124e+02,2.036398090840207828e+02,2.068002513949808758e+02,2.128939039370517605e+02,2.313666800651902520e+02,2.236973555495784751e+02,2.333704747678170008e+02,2.282140793945648340e+02,2.223006079781353037e+02,2.427861738283469606e+02,2.261408399927969128e+02,2.219404702301208090e+02,2.318599395396745990e+02,2.433961966402133896e+02,2.588874532052238919e+02,2.638933213468430381e+02,2.701502938492429280e+02,2.842805832605652085e+02,2.701344218810267535e+02,2.408284417669632660e+02,2.280544641409808264e+02,2.323060103454426439e+02,2.297024030828563355e+02,2.378940268144045547e+02,2.359838145821843796e+02,2.382715567304405511e+02,2.359857289680800818e+02,2.217481686562259995e+02,2.167617068235157944e+02,2.152585441693661039e+02,2.263194292073645784e+02,2.333952304074776976e+02,2.192145992581066594e+02,2.192444428855793035e+02,2.373757601477779531e+02,2.394347600679118386e+02,2.445790164329454228e+02,2.305496903268433755e+02,2.205324367607303202e+02,2.277517068167662728e+02,2.404286741778407475e+02,2.365555896101538451e+02,2.429536960418960518e+02,2.456817396092238255e+02,2.445515695219434065e+02,2.458497737690921099e+02,2.514195493759169722e+02,2.546145928325674390e+02,2.550510103559042818e+02,2.693230004444489509e+02,2.771529555906416249e+02,2.712756983007255371e+02,2.686179325608451336e+02,2.806781926324202345e+02,2.907456141065301836e+02,2.970857935329423754e+02,2.899689558220100025e+02,2.877852920499497600e+02,3.058692357615609581e+02,2.726031937964146437e+02,2.570977489846456479e+02,2.530715980919823949e+02,2.593530269327482074e+02,2.547340684762267813e+02,2.380367007153930103e+02,2.275602878235280855e+02,2.347088514887446422e+02,2.609014302984818414e+02,2.676504177012863011e+02,2.582965386992304389e+02,2.591418569647074150e+02,2.519790367831955109e+02,2.530350603442441866e+02,2.509982379837955477e+02,2.370765441116689374e+02,2.278019327267210485e+02,2.326319453141086626e+02,2.329579867213124089e+02,2.258205618291250403e+02,2.163923776514272959e+02,2.184250011082385754e+02,2.239140661497818030e+02,2.175487730883107815e+02,1.961776279515275689e+02,1.788741574088669495e+02,1.789157046802625075e+02,1.864445309433747298e+02,1.849245554958293667e+02,1.955287843720196292e+02,2.264814836957340560e+02,2.051873097789427618e+02,2.089371587050376604e+02,2.394259022820042162e+02,2.456961565528953884e+02,2.585716224382406949e+02,2.601330604546020595e+02,2.525441937959031975e+02,2.642279946897623972e+02,2.605764688541307237e+02,2.648069532667688577e+02,2.632509425585597569e+02,2.639545848921395645e+02,2.758860196632530801e+02,2.806320382430868108e+02,2.797672340779815841e+02,2.730860245862382953e+02,2.664266054464743547e+02,2.699151659460071642e+02,2.862403229137644303e+02,2.862741156529231148e+02,2.745326250236851706e+02,2.811580360415645146e+02,2.666445518680634450e+02,2.679950565297680214e+02,2.667197838042125113e+02,2.715882869723880049e+02,2.792224063657142210e+02,2.763768378901223741e+02,2.675523316675959222e+02,2.587336976103454163e+02,2.620323965019429124e+02,2.760691316445345365e+02,2.824472779124064346e+02,2.902416468019027889e+02,2.923522000350425287e+02,2.804054430049205280e+02,2.774579485243045838e+02,2.569756097720089656e+02,2.446559590505653432e+02,2.493719087271473995e+02,2.482603205922402481e+02,2.286129798845441883e+02,2.267988604877268131e+02,2.225407341479207730e+02,2.181807082054818068e+02,2.314929143869516963e+02,2.497722068072029060e+02,2.490221743190157611e+02,2.572908467065993250e+02,2.605967576075301508e+02,2.616928429860317351e+02,2.488956881841878044e+02,2.360928111233916979e+02,2.224747873226576758e+02,2.173364466286419088e+02,2.380107381317130262e+02,2.574074164423085449e+02,2.608634312143468037e+02,2.556228185282627408e+02,2.582944040749163150e+02,2.560919337443306176e+02,2.420753914233438877e+02,2.478718838526959303e+02,2.728249539181635441e+02,2.778485438182677854e+02,2.806052920625040770e+02,2.813795355790570056e+02,2.802562633069381377e+02,2.838951245801364394e+02,2.827640049212114945e+02,2.826138662710756080e+02,2.725114545214810846e+02,2.742878867029514822e+02,2.810409008367714705e+02,2.909913794590254383e+02,2.828436087986079883e+02,2.643191611163903190e+02,2.656871604515378635e+02,2.728244271969573447e+02,2.767594636261911774e+02,2.801346342147626274e+02,2.898846794472658530e+02,2.740759044607971191e+02,2.541074921916323603e+02,2.423550160549804104e+02,2.516867632975517779e+02,2.620041003103591493e+02
2.342654706092755816e+02,2.408292329392584179e+02,2.500330174130913861e+02,2.524024923129018418e+02,2.587396218868665301e+02,2.681570769240476579e+02,2.724075361715487702e+02,2.693338864059388129e+02,2.447114427973155273e+02,2.428911429743173187e+02,2.516803686792195833e+02,2.433375448122204432e+02,2.522107585893486430e+02,2.518099445741117393e+02,2.575110804047881174e+02,2.708086764375123039e+02,2.646231556096051918e+02,2.610978262110186847e+02,2.288651099419358559e+02,2.098185934919019644e+02,2.075255184254619394e+02,2.031634460201719889e+02,2.092516447570044420e+02,2.160700039391044811e+02,2.114617505958623838e+02,2.026208562628877132e+02,1.953889425802613573e+02,1.944961067899722877e+02,1.979699656149546740e+02,2.129742596449636380e+02,2.079248242091885572e+02,2.068070838526742818e+02,2.021882225240849493e+02,1.944046511649571016e+02,1.915582392596375882e+02,1.950597782376374596e+02,2.020298527370852639e+02,1.989296976164353623e+02,2.032088091365059768e+02,2.028550630032830213e+02,2.047697884581758387e+02,2.067757482819450274e+02,2.071221417289187343e+02,2.145432985322852062e+02,2.135912708706493390e+02,2.171187030415511288e+02,2.115380264020174366e+02,2.108866032100312680e+02,2.224933022601144614e+02,2.110895810577361829e+02,2.075809128313123892e+02,2.156007755782207482e+02,2.272979730197290564e+02,2.452397217651959522e+02,2.423969289385823345e+02,2.471892878154669972e+02,2.629764739183441975e+02,2.584691088365939322e+02,2.371458082363820665e+02,2.226739955939908100e+02,2.074340855677837112e+02,2.075912805879177654e+02,2.227733599223379883e+02,2.166634294648742980e+02,2.225032332830047892e+02,2.204205209435717734e+02,2.244006375287156061e+02,2.255373390049739726e+02,2.180630387438142748e+02,2.145037511261490693e+02,2.127146186754233668e+02,2.035421026041479990e+02,2.051078960429833842e+02,2.317738504801513102e+02,2.339744034371614134e+02,2.342229767053513569e+02,2.168350072759274383e+02,2.082823021452414878e+02,2.171770523814097658e+02,2.243287851063829805e+02,2.306105408205461345e+02,2.467274526949304914e+02,2.423704408760297611e+02,2.370844867140836243e+02,2.318291685255867947e+02,2.428920599320013594e+02,2.580119298808831445e+02,2.571681845606544243e+02,2.593693786781478821e+02,2.659451560660926361e+02,2.619850546754632887e+02,2.590699238515588263e+02,2.712008970991429351e+02,2.823118307082997944e+02,2.882285416215128180e+02,2.979726463402555510e+02,2.905643426762504191e+02,2.912653833849383886e+02,2.642853704957663012e+02,2.544181945998364256e+02,2.541497840110299080e+02,2.580951546757978576e+02,2.587764515983393494e+02,2.390829034030794560e+02,2.329128951402988719e+02,2.421607953685791301e+02,2.545632517937962405e+02,2.563650094543592104e+02,2.446634957301357645e+02,2.382561512540722504e+02,2.366318413141536894e+02,2.382739428873703105e+02,2.337195187833404759e+02,2.241859541809402288e+02,2.118547972902011054e+02,2.069829793417066526e+02,2.110863703183319728e+02,2.181131007151094821e+02,1.995705642020074322e+02,1.973131391636462695e+02,2.178205637609078167e+02,2.180205042580843724e+02,1.941183160927517690e+02,1.754614243319233822e+02,1.705462845300294532e+02,1.794982951559553328e+02,1.899577475781724729e+02,2.000387742582315127e+02,2.110368947158202104e+02,2.005412849018825625e+02,2.076023899469071523e+02,2.258819526906601709e+02,2.289913365861616512e+02,2.503890852084479093e+02,2.495260144148267045e+02,2.462884847382181306e+02,2.520213614089742293e+02,2.505597772285873930e+02,2.595210034640268191e+02,2.620817182055528747e+02,2.397237648902261924e+02,2.362661821097616155e+02,2.487206577092250654e+02,2.525357854421095567e+02,2.632374986458072499e+02,2.688867378421055605e+02,2.653395018257232323e+02,2.649404411064218721e+02,2.631609708978545541e+02,2.697491900920767307e+02,2.677721851289077222e+02,2.644881504354788717e+02,2.750303080756676195e+02,2.827854477074552051e+02,2.718259385305863134e+02,2.785187620334595522e+02,2.860802764163284451e+02,2.844129279262281216e+02,2.740629858818843445e+02,2.717912457901809375e+02,2.727432552391252329e+02,2.740630695903618630e+02,2.730895364598444530e+02,2.858621152229558788e+02,2.828332181446584173e+02,2.610239334248102523e+02,2.553816758348492613e+02,2.567605514157297648e+02,2.579857025078500783e+02,2.591510661519855034e+02,2.345800385432223436e+02,2.324713212207255708e+02,2.264588342623894164e+02,2.222617463493706111e+02,2.413197847255616466e+02,2.516219547877905143e+02,2.512846677216049045e+02,2.677049145483172765e+02,2.620347305630111805e+02,2.717281654974109415e+02,2.607472349400078429e+02,2.434601805616903505e+02,2.236464880454100808e+02,2.167184664443628321e+02,2.372507835575923423e+02,2.571749671780909239e+02,2.624462259416525853e+02,2.672222513629828313e+02,2.605426221199888914e+02,2.624732452564456366e+02,2.622113932305420576e+02,2.617620500562896382e+02,2.634680434069423427e+02,2.689447386079735338e+02,2.773670657681370244e+02,2.672536835484970652e+02,2.558561889802182918e+02,2.595128468602963494e+02,2.722374170022635553e+02,2.761167598666563094e+02,2.762312413223838803e+02,2.766585024701061002e+02,2.573429675630002862e+02,2.588200829078571132e+02,2.738098294587681494e+02,2.611443842218346276e+02,2.604919199071123899e+02,2.651572785707734283e+02,2.713874690280651976e+02,2.625264334869947902e+02,2.480936425982236244e+02,2.453831134788573820e+02,2.503238943502887537e+02,2.644659399467731760e+02,2.685618670309911522e+02,2.533726050124596156e+02
2.308895608427470165e+02,2.412028444633025686e+02,2.558039740594999216e+02,2.808099518483943484e+02,2.802825879792072783e+02,2.681446025010984613e+02,2.606036842283750730e+02,2.622452477431430680e+02,2.711827069945857716e+02,2.675825422745130027e+02,2.697926503035287737e+02,2.694699406096507914e+02,2.604602344361420592e+02,2.645821616437615376e+02,2.734386390072402264e+02,2.843171350607943850e+02,2.765773223445262374e+02,2.680967345124277017e+02,2.607364979399632148e+02,2.391423673593113222e+02,2.377865249366097373e+02,2.290725750060052519e+02,2.282277360991342903e+02,2.400103154473549125e+02,2.432827554228725830e+02,2.404386331763703311e+02,2.479173871325467928e+02,2.358156212729559229e+02,2.278411730580936592e+02,2.366342740331717209e+02,2.291351209427011497e+02,2.287931616804102077e+02,2.384863173149871614e+02,2.422655525102470619e+02,2.587674300649855468e+02,2.638732657566288822e+02,2.526496276794126459e+02,2.499830532887129948e+02,2.486138792522699532e+02,2.462059560868689516e+02,2.412783623616965087e+02,2.388664426580597819e+02,2.345023136648496802e+02,2.458135988033660055e+02,2.509913541791261480e+02,2.500823816851468564e+02,2.479855086753156570e+02,2.625254982507040609e+02,2.626932855746987343e+02,2.373200248760983868e+02,2.327727956503568691e+02,2.508754006377900794e+02,2.668234071085259984e+02,2.681167781526671661e+02,2.597242616445927297e+02,2.549884560132067293e+02,2.556559772343867110e+02,2.442935885767656430e+02,2.191172532584885460e+02,2.117803238897181473e+02,2.234997879534397498e+02,2.268033832428251344e+02,2.281553018971906681e+02,2.345442131397836931e+02,2.424624000955889471e+02,2.530460781750986996e+02,2.559562355263703353e+02,2.493468144863708744e+02,2.452590343878212025e+02,2.389403447168847947e+02,2.401330933322878138e+02,2.436385801487335812e+02,2.657149113746196463e+02,2.652474380163054093e+02,2.593763566087882850e+02,2.626964515052654292e+02,2.757455503902267537e+02,2.614291826392043276e+02,2.334061119824216348e+02,2.040541672795611987e+02,2.010417171207885758e+02,2.278205314916800432e+02,2.506843852633525671e+02,2.443409434656022938e+02,2.566227456290075679e+02,2.759779618384217770e+02,2.673744954690262716e+02,2.582449805491860957e+02,2.607774374609284109e+02,2.749849213765401146e+02,2.887544702364096452e+02,2.788447901128405420e+02,2.844413604104796036e+02,2.751517027771719768e+02,2.736478842629209112e+02,2.906481316978890277e+02,3.045920860466733302e+02,2.989750543011232935e+02,2.757422463444631262e+02,2.817792815810561251e+02,2.918941102488016668e+02,2.842528663247329632e+02,2.819152845343626268e+02,2.745267570050415316e+02,2.823922145063421567e+02,2.629868940431520627e+02,2.410263423941641179e+02,2.318568033427740716e+02,2.411571864977343580e+02,2.669865431042426280e+02,2.725268950170928406e+02,2.769576053096949977e+02,2.763317630273802479e+02,2.738745445811926515e+02,2.633906870452442490e+02,2.447323453739094816e+02,2.468411918469405180e+02,2.600478859499150985e+02,2.749498356674099568e+02,2.678225344870023150e+02,2.539028616088589843e+02,2.516773033739567893e+02,2.545937845922347265e+02,2.639477750937837186e+02,2.610902217673599353e+02,2.550894803431056062e+02,2.528958540320695079e+02,2.616839681205947272e+02,2.433721284363275572e+02,2.418090249681543753e+02,2.216449911683282323e+02,1.887564325287445968e+02,1.753610485109481374e+02,1.800228650310329499e+02,2.029440740344663254e+02,2.040895350260161649e+02,2.103392538459125092e+02,2.056399503800581670e+02,2.032542905964656939e+02,1.960780781743994794e+02,1.883487420784646247e+02,1.906049722358366125e+02,1.861593552345499063e+02,1.754062263427148594e+02,1.886166708959504206e+02,1.979255689483054255e+02,2.096007088298475196e+02,2.177197889242848987e+02,2.329437062775153322e+02,2.333176269207808105e+02,2.179906658837074929e+02,2.053433906534881999e+02,2.064141336372827027e+02,2.184427078158011568e+02,2.439068954689676048e+02,2.413360398641836753e+02,2.368806729279095009e+02,2.461423041765458493e+02,2.415881845371712302e+02,2.255977922366324435e+02,2.156644915802955040e+02,2.287957142487783813e+02,2.380062184382029500e+02,2.544718724336766229e+02,2.667330466895806467e+02,2.702370963175566203e+02,2.694822229385729315e+02,2.656546293970494617e+02,2.599415254235703969e+02,2.662173302996106941e+02,2.740259645083484088e+02,2.723635713584189944e+02,2.641975284886374311e+02,2.584366311840378785e+02,2.694625552665945065e+02,2.769565857541545029e+02,2.752069111026659129e+02,2.694869307742380329e+02,2.622637671886402586e+02,2.684111014653260554e+02,2.631744502933349281e+02,2.509709888788193553e+02,2.573760450744010768e+02,2.566453445152986319e+02,2.492996857541766644e+02,2.556370761454023182e+02,2.531008022042344123e+02,2.385196752303589278e+02,2.337068590791877227e+02,2.451188285707240766e+02,2.307556393008923976e+02,2.227232241382063762e+02,2.401120202323271258e+02,2.564623723853829347e+02,2.601649319411234842e+02,2.490780401364241072e+02,2.466600089517201297e+02,2.422240727243341780e+02,2.328120786557886390e+02,2.355984850770530272e+02,2.437188249300621123e+02,2.510238822630356879e+02,2.516505321936181758e+02,2.585081451847014478e+02,2.688683463663145972e+02,2.447497588438853882e+02,2.440114181405904787e+02,2.524746207839791623e+02,2.576272744366181087e+02,2.486386016069466791e+02,2.443816236241021898e+02,2.480847528696004360e+02,2.502361353429214716e+02,2.685918780392129293e+02,2.786489132783805758e+02,2.719168051398913803e+02
2.242006936368588015e+02,2.324877338021857440e+02,2.487581289898142529e+02,2.701152211422877372e+02,2.754534330332060108e+02,2.687702756245486171e+02,2.661247547615458870e+02,2.706505816002356255e+02,2.765638198965720562e+02,2.754902636452244451e+02,2.635814201249613120e+02,2.513051241363265831e+02,2.610248850078929763e+02,2.768014463190588685e+02,2.815163208363291005e+02,2.890975583513665583e+02,2.741776468239435758e+02,2.384498052456083883e+02,2.245842263082139141e+02,2.371470957117638818e+02,2.565851406175897296e+02,2.639801280559429415e+02,2.651147850915134541e+02,2.566530879009883392e+02,2.629455260003539934e+02,2.830388627922570777e+02,2.856355507922274342e+02,2.748792781367223483e+02,2.701569155938321956e+02,2.721382048687248130e+02,2.766756278179226456e+02,2.718235231199000737e+02,2.780628718428120010e+02,2.857235000299382364e+02,2.830831166100900873e+02,2.923945436788354186e+02,2.935005602251956702e+02,2.912492506117919788e+02,2.874874267233907972e+02,2.991154735528953097e+02,2.916770632842406599e+02,2.852061260147402777e+02,2.773364442692318903e+02,2.796319477107592775e+02,2.947286151135917862e+02,3.037861090233172945e+02,2.941779294550202053e+02,2.938012750801618722e+02,2.861792405036753735e+02,2.838473583690175701e+02,2.998061313599829987e+02,3.112233029029038676e+02,3.028680877675424199e+02,3.057743477578316060e+02,3.087901979303368876e+02,2.749559612581629722e+02,2.355950120301214383e+02,2.078743565048118569e+02,2.012148002338584263e+02,2.132280477087426789e+02,2.172358007933537181e+02,2.221231901239907529e+02,2.378119488889582271e+02,2.418724312331693795e+02,2.465971182888550288e+02,2.610073618389571379e+02,2.704431167493483485e+02,2.672347872117599081e+02,2.707601167064523224e+02,2.817905501603663083e+02,2.889850323592328891e+02,2.796299326185852010e+02,2.757839680156484405e+02,2.896580857132688607e+02,2.829426010481619755e+02,2.818835908300297888e+02,2.990081750623558037e+02,2.942816552227395732e+02,2.762874198507977326e+02,2.531468924232327140e+02,2.512568731353072167e+02,2.650940688902561533e+02,2.850285829865253504e+02,2.831441182891488779e+02,2.917204011079080033e+02,2.990184399602501344e+02,3.068241735034978319e+02,2.946154185538983370e+02,2.871747217749115180e+02,2.938402376526603348e+02,3.185065775323607795e+02,3.133674597775258235e+02,3.097615277412901378e+02,3.028295468066376088e+02,2.914169113971152569e+02,2.990639535916141085e+02,3.188546110361968999e+02,3.143305338224896559e+02,2.943921425262446405e+02,2.930007439993855201e+02,3.089709689809376982e+02,3.110119893775914193e+02,3.041564054782367634e+02,3.031528793872835763e+02,2.879137228730193669e+02,2.883633015353202609e+02,2.667996821826137079e+02,2.597578175955927691e+02,2.669598697889098844e+02,2.872883955586830780e+02,2.865121159443834244e+02,2.784821577670376769e+02,2.924139998371393290e+02,2.845390393483094726e+02,2.742620944904639373e+02,2.817746997704562091e+02,2.781183988842293502e+02,2.837255205798630868e+02,3.031308881801958250e+02,2.899064831155270667e+02,2.684483714466833817e+02,2.624840785045228131e+02,2.730654574758326589e+02,2.817122521665472163e+02,2.717213228908134397e+02,2.703649119895960666e+02,2.625731428518278108e+02,2.712987554396249834e+02,2.561310190813716190e+02,2.336290632804856102e+02,2.214616422938728988e+02,2.010987150648701629e+02,1.919940503462830748e+02,1.963181320202907045e+02,2.118093190794962766e+02,2.059973157036139071e+02,2.084032565055979376e+02,1.996048178815674135e+02,2.019791288720586806e+02,2.102047374883239286e+02,2.096178825472763094e+02,2.144671452195154018e+02,2.084488073709816831e+02,1.981494357969468183e+02,1.959787280321611718e+02,2.001062264803709354e+02,2.193890013944792088e+02,2.304843132733838615e+02,2.447069984777835998e+02,2.257729208603056463e+02,2.156977626001252304e+02,2.131860767882106984e+02,2.059675940324951569e+02,2.133338869375689626e+02,2.307722002467451716e+02,2.313886743738013081e+02,2.212889003225040199e+02,2.276185419449905112e+02,2.208336587795243702e+02,2.103759478402748186e+02,1.996505986592713100e+02,2.052991689246497629e+02,2.112263188285216984e+02,2.380673735458343856e+02,2.655251336242039315e+02,2.597377497496426599e+02,2.553994144343858466e+02,2.433979051776598794e+02,2.403398028308381527e+02,2.565758466180901678e+02,2.697730755552375967e+02,2.725068374696360252e+02,2.673488908304568668e+02,2.669676243662464117e+02,2.785120057306111789e+02,2.732935500506219455e+02,2.524727917452811994e+02,2.292686010062032267e+02,2.390730829461586495e+02,2.556394466056368913e+02,2.335291240295323973e+02,2.272824034445552854e+02,2.315043885776495642e+02,2.544698526391304085e+02,2.486651731156206608e+02,2.514436362359689383e+02,2.677331043140296174e+02,2.481673569233766443e+02,2.336526630495307018e+02,2.271525297846716569e+02,2.183043893661593984e+02,2.210501830400516496e+02,2.332604213241112916e+02,2.357142581751778039e+02,2.454484898083730400e+02,2.642403436829508223e+02,2.672943694720096914e+02,2.430542615511693896e+02,2.251982424113565742e+02,2.304069605056334353e+02,2.498492005403558096e+02,2.640105282659358750e+02,2.714843767036693407e+02,2.787716812069047023e+02,2.713303665441969201e+02,2.619058665125657512e+02,2.536610148049175564e+02,2.580708571604624240e+02,2.621610959335204143e+02,2.575611771710412086e+02,2.579629364454879124e+02,2.780565991906524914e+02,2.897736348842213943e+02,2.890508395729978020e+02,2.867638455757322618e+02,2.651494412247791956e+02
2.309764927340404483e+02,2.390798541717321655e+02,2.440745389852821745e+02,2.578743201730464989e+02,2.742297689651159089e+02,2.764178496911862339e+02,2.887047299518037562e+02,2.809944065906390733e+02,2.699277043305463053e+02,2.458561148858762806e+02,2.311491047933233745e+02,2.372132603482602633e+02,2.369362056247964006e+02,2.488155662139320725e+02,2.737699129255875050e+02,2.800975981334425455e+02,2.536265449426024077e+02,2.412167805580234017e+02,2.408530570649741094e+02,2.458616337090360844e+02,2.461935586955884219e+02,2.378991811175012003e+02,2.373614168828844413e+02,2.403488136279181617e+02,2.321712093402769597e+02,2.481960237021712032e+02,2.462212182708937007e+02,2.593516624412374085e+02,2.451092014175920895e+02,2.224667026168900463e+02,2.182705460297402738e+02,2.249104806641272774e+02,2.372735236829265943e+02,2.484117569017631126e+02,2.562508528217159096e+02,2.594359662254836394e+02,2.480220630061672580e+02,2.284902183181305588e+02,2.225303763830918342e+02,2.287331502073689933e+02,2.414456337885996220e+02,2.502271713489559204e+02,2.402106471305763762e+02,2.540942681258322011e+02,2.461114455006283208e+02,2.469675030606407518e+02,2.339666377042387353e+02,2.298597280585676117e+02,2.510238340421695966e+02,2.718881533995012774e+02,2.852380776945558978e+02,2.918230749602647620e+02,2.728651228666919337e+02,2.597607788067454067e+02,2.652505582900914192e+02,2.899906993940792290e+02,2.944300115042467496e+02,2.592826158849494504e+02,2.420934839852276923e+02,2.345891016190989831e+02,2.263025848759509984e+02,2.390758863983999447e+02,2.615657306415075141e+02,2.532077088884057048e+02,2.398426101056424216e+02,2.345864912707753263e+02,2.462646087302204307e+02,2.534478671124612958e+02,2.617268082483096237e+02,2.525007972748557563e+02,2.517409831734841532e+02,2.637055915664392955e+02,2.592165055119278918e+02,2.718725527407859204e+02,2.779390903665594124e+02,2.698810456981953507e+02,2.731658253467654163e+02,2.932952241692127586e+02,2.894209313711637606e+02,2.804037879098506210e+02,2.756365391204224125e+02,2.871286259438533079e+02,2.951285084423290641e+02,3.036259399176667557e+02,2.959912877863174572e+02,3.071419193439010655e+02,3.015379843510330602e+02,3.004201467710386169e+02,2.955696165903420933e+02,2.887592382549771628e+02,3.098884817544941370e+02,3.185742348837388818e+02,3.081151979222908608e+02,3.112923535778272708e+02,3.261377359480145515e+02,3.227655790214001854e+02,3.106394672500783258e+02,2.952741366091391910e+02,2.844715829464248031e+02,2.862028875490908035e+02,2.990912072585929877e+02,2.951834027386587991e+02,2.826059092397775885e+02,2.844878160690548157e+02,2.805552155625322257e+02,2.844786478980283277e+02,2.864070010732318678e+02,2.950483354925419803e+02,3.058196644467302008e+02,3.084189808449615384e+02,3.044410210216499308e+02,3.058934593727722699e+02,3.080955607379421508e+02,2.971893237778839989e+02,2.851137250403643861e+02,2.812784396615590481e+02,2.755852526729192959e+02,2.777631983038677390e+02,2.915362976751849260e+02,2.855004514141751315e+02,2.901598379578175582e+02,2.803793281010064220e+02,2.806225886171098409e+02,2.817088391626164139e+02,2.865503563771154063e+02,2.970282195847139519e+02,2.932820925369686051e+02,2.924134501377765787e+02,2.784802737532680226e+02,2.640098664273931490e+02,2.628199054020596463e+02,2.671303014153833715e+02,2.715839978172264182e+02,2.743933820076106826e+02,2.751947939142921200e+02,2.707214353819534267e+02,2.662116766296320520e+02,2.530291455402273186e+02,2.561545896166669536e+02,2.792825240125636128e+02,2.725159581813900900e+02,2.666120305781658431e+02,2.708562889774775613e+02,2.689314675730154818e+02,2.756067362277091775e+02,2.755180058391665625e+02,2.751023960008944300e+02,2.786375167797058339e+02,2.693246333941971216e+02,2.548448151477242050e+02,2.564760455525494081e+02,2.586775491367251334e+02,2.595207111555164374e+02,2.666039994450058543e+02,2.645102536752036713e+02,2.696373209125144399e+02,2.604686801860780179e+02,2.555327610646956771e+02,2.661414271322780110e+02,2.749624326460961470e+02,2.776992180128244172e+02,2.577525083579297416e+02,2.483222425421037087e+02,2.513858839036677466e+02,2.743611406613041481e+02,2.830685310595123951e+02,2.682663286938932856e+02,2.620201807111993162e+02,2.621263252717639602e+02,2.667052784460298653e+02,2.676223076086555466e+02,2.670956908520572597e+02,2.660017367284604006e+02,2.635518744442760521e+02,2.655842992866249688e+02,2.837958047819338390e+02,2.543343435310760015e+02,2.211964370625206016e+02,2.143117629089585989e+02,2.155212876811943659e+02,2.325391660554640225e+02,2.557361471763751979e+02,2.532951317324713330e+02,2.644832198617545487e+02,2.682149288450934819e+02,2.703265633951904761e+02,2.699567247293629748e+02,2.605844777721036962e+02,2.432458613075088181e+02,2.316352484055365721e+02,2.248503603014952148e+02,2.260121258436081462e+02,2.285932042014800345e+02,2.222982213505179914e+02,2.265458376713181110e+02,2.306505287524128676e+02,2.415617651730718762e+02,2.441157769247445231e+02,2.373610665516692109e+02,2.345647720187361642e+02,2.293747571155955995e+02,2.213482193289533200e+02,2.252145397152797273e+02,2.396179695943317540e+02,2.486716680506299326e+02,2.467710894953891909e+02,2.461829165707848119e+02,2.582962256073695357e+02,2.679239903363434223e+02,2.784696755263751129e+02,2.817745308154101167e+02,2.820145391137311890e+02,2.844522739910356108e+02,2.931590791519922732e+02,2.876858184376459349e+02,2.552736238761648053e+02
2.347142858268422287e+02,2.434471109075337836e+02,2.555323273289336043e+02,2.696036891077431505e+02,2.677235948083966832e+02,2.679557616561836539e+02,2.706587091417947590e+02,2.629497267203126967e+02,2.504230761853146703e+02,2.408716724004892171e+02,2.278374552747536086e+02,2.316765475098565901e+02,2.316535007428131792e+02,2.456337980965452346e+02,2.654310172189366881e+02,2.605262405475085643e+02,2.627216379778989790e+02,2.549065511135107442e+02,2.466527168156775360e+02,2.314502223994308565e+02,2.213019835947574450e+02,2.117927949113754380e+02,2.144560396472566595e+02,2.208828963663431182e+02,2.109721177298985992e+02,2.072142205474126797e+02,2.107177967306480468e+02,2.214794336875272620e+02,2.153982385739413985e+02,2.096344335730556736e+02,2.167901972073715342e+02,2.211538186988705945e+02,2.175665936031020351e+02,2.209034307429620299e+02,2.317772916885202505e+02,2.171083881767164030e+02,2.207764514049366085e+02,2.198069882791732823e+02,2.150863876710365616e+02,2.117645835582637801e+02,2.162569119404775790e+02,2.311567245263583175e+02,2.289874415013461260e+02,2.291728704182621073e+02,2.260535945367304294e+02,2.249524735205906154e+02,2.219737069113388657e+02,2.206022612870018804e+02,2.406613884664519674e+02,2.662492978860857420e+02,2.664357860050687918e+02,2.700181431586290159e+02,2.545630610427863019e+02,2.480195876401564021e+02,2.585493572487125675e+02,2.868864978472750522e+02,2.953860514818326237e+02,2.779686143132968255e+02,2.611877854360633364e+02,2.335290955484539950e+02,2.169236455844640261e+02,2.275969396467025945e+02,2.392424889443651068e+02,2.305078476136710037e+02,2.156796286049144555e+02,2.152988014339570668e+02,2.271974862018498413e+02,2.305553245837419922e+02,2.313827468475309672e+02,2.439297309375917280e+02,2.495705943493416044e+02,2.411257335199431395e+02,2.304414938402879613e+02,2.471073763769290963e+02,2.529205208712271258e+02,2.422911234732794412e+02,2.395969871009530721e+02,2.480146693881281692e+02,2.551909379788152705e+02,2.506556536236714976e+02,2.593427845882874294e+02,2.680660129397890614e+02,2.647823951373433147e+02,2.634200825598325082e+02,2.626901650674552116e+02,2.743193463891751094e+02,2.893207774830814287e+02,2.860569382883200547e+02,2.895476469945482449e+02,3.000491435545451964e+02,3.087591947667098111e+02,3.023616751263322158e+02,3.042158414942865079e+02,3.139022420879286983e+02,3.216118176027424624e+02,2.960252769869396730e+02,2.934197068371761929e+02,2.942512449725502961e+02,2.770435808544420411e+02,2.723497478022009659e+02,2.861610047764781370e+02,2.846882845579025343e+02,2.667132763388889316e+02,2.693133227073276998e+02,2.656063279087838396e+02,2.636739400124669146e+02,2.662341531419767193e+02,2.708147060419181571e+02,2.688379976110716711e+02,2.791224622902432770e+02,2.897547237580965884e+02,3.000524693429551917e+02,2.897925564912843015e+02,2.864147691925134609e+02,2.897836060213180076e+02,2.815881939129716329e+02,2.800393749687641503e+02,2.853514800936990241e+02,2.909933912143748103e+02,2.854265083739106217e+02,2.876148458011142566e+02,2.819509054023481553e+02,2.802779099972129302e+02,2.845778149819652754e+02,2.900733350589429165e+02,2.924330904256134431e+02,2.959762151192966257e+02,2.892557125463276861e+02,2.893585921684306754e+02,2.845925877635463621e+02,2.865051014423754623e+02,2.892214954321058258e+02,2.913093646607895266e+02,2.888121831935916362e+02,2.876013763841083914e+02,2.860610355250867087e+02,2.741943962149749723e+02,2.717925308325010292e+02,2.764047808784769131e+02,2.784331755985012933e+02,2.847933698377141809e+02,2.549524635204163019e+02,2.486594457190869889e+02,2.761162172215242663e+02,2.872296012062129194e+02,2.778080864877640579e+02,2.797041542421445115e+02,2.778983612554578713e+02,2.758338465303481826e+02,2.845046645880194660e+02,2.930559368389352244e+02,2.876115572730196277e+02,2.755241181187527104e+02,2.766431347322655370e+02,2.854769975268791882e+02,2.912322914039412467e+02,2.966903044213433418e+02,2.975644881688905912e+02,3.031548850808321731e+02,2.926378125276947344e+02,2.838378573164081331e+02,2.715384887053689908e+02,2.661269850159091561e+02,2.640965441144866759e+02,2.852958871410240818e+02,2.934473313072770679e+02,2.566992236757570822e+02,2.465764982383838060e+02,2.600839813717879565e+02,2.486518494788842872e+02,2.427322926268082597e+02,2.473104869909827244e+02,2.417365036792737385e+02,2.443551528437077991e+02,2.531666834015087488e+02,2.735535633094396530e+02,2.314838439657021354e+02,2.029154477638677179e+02,2.064917844105466145e+02,2.166964446655948677e+02,2.331990248776066039e+02,2.520958591438347867e+02,2.549145450516798803e+02,2.597210819271559217e+02,2.649845682383630106e+02,2.681823839632758109e+02,2.661690036241346888e+02,2.609082529367069583e+02,2.504904983029576044e+02,2.539880765333929276e+02,2.648967324131912164e+02,2.505768069401977414e+02,2.458618528815001412e+02,2.565126980690473601e+02,2.408339188506054427e+02,2.218388165220475798e+02,2.326213925306011561e+02,2.377570356518464507e+02,2.357152994446730077e+02,2.357888419313443080e+02,2.194667298738216346e+02,1.993063986737330993e+02,2.038613825882708568e+02,2.194073682610045637e+02,2.342634592262472495e+02,2.354565099385056897e+02,2.346719388737450913e+02,2.486923960901009991e+02,2.529718220923092815e+02,2.700135814267538308e+02,2.741409715703082384e+02,2.705653974041884453e+02,2.739343695553795328e+02,2.818205579992522303e+02,2.864866973146199598e+02,2.671905095128033736e+02
2.625847531534993209e+02,2.699875174188577489e+02,2.848800813512295917e+02,2.980621373476481040e+02,2.880267298109601484e+02,2.864298159051397192e+02,2.940311595156007911e+02,2.941918289963983852e+02,2.881541919106298906e+02,2.703874284249842503e+02,2.633222033590546971e+02,2.585790305523413508e+02,2.758058007330585042e+02,2.927979084399855196e+02,2.802111489016889436e+02,2.753576334827432675e+02,2.947522046792609558e+02,2.960423808314705525e+02,2.613707216392975852e+02,2.479858033788339640e+02,2.395838060346249847e+02,2.321561875527200982e+02,2.310695713882992095e+02,2.327361024767932349e+02,2.423251955487342286e+02,2.404832982794826819e+02,2.399002218207905059e+02,2.495684889676876423e+02,2.641436289046354204e+02,2.760324508292314931e+02,2.676129942788848552e+02,2.644914615632335995e+02,2.640317872693910886e+02,2.539583478026580963e+02,2.515153782565352572e+02,2.420057093679458262e+02,2.510058835363007574e+02,2.565345654721401161e+02,2.633838469032805847e+02,2.679516769478967149e+02,2.493955074057817285e+02,2.484651912318166751e+02,2.552015270713853567e+02,2.599059806085666082e+02,2.690604675583706467e+02,2.606018313825285304e+02,2.616944799029897126e+02,2.706239214023779596e+02,2.668442633440077429e+02,2.802385151988000871e+02,2.779142732820345145e+02,2.790391688871113729e+02,2.866214673957740047e+02,2.871935637948860176e+02,2.859658879508396012e+02,2.764189891794837877e+02,2.795900478284385713e+02,2.865473239904632123e+02,2.735158389857425618e+02,2.512855874414046013e+02,2.326007963110001526e+02,2.401178836123757492e+02,2.570288142107675071e+02,2.614595362210060898e+02,2.806737436404302457e+02,2.966477645917517521e+02,2.842039402296883281e+02,2.615497038170992710e+02,2.540026058831160753e+02,2.640719113251356589e+02,2.695196647493501700e+02,2.697606586495849115e+02,2.859046338746366587e+02,2.899835721899855798e+02,2.852149345247486281e+02,2.715133674608771912e+02,2.678338591118612726e+02,2.737043314584880136e+02,2.787601905601272847e+02,2.740063643388672858e+02,2.813917236423889676e+02,2.859649238482837177e+02,2.855976599267126517e+02,2.882403267069695971e+02,2.887566314044314595e+02,3.030182161500931670e+02,3.083394740277705637e+02,2.957686210274276846e+02,2.933409139802271852e+02,2.930230589546493434e+02,2.970607034666434174e+02,3.029383883261421033e+02,3.151520591743114892e+02,3.198893642377360038e+02,3.159766556996237910e+02,3.160365925887523986e+02,3.255436466397779895e+02,3.300043293777090980e+02,3.200779838492592830e+02,3.170865254913899776e+02,3.175337492485450070e+02,3.114615567109653398e+02,3.114023103088782136e+02,2.950299471656100536e+02,2.905135006845908379e+02,3.075307179703933116e+02,3.005860259321237891e+02,2.996630570607391064e+02,2.950622749322841400e+02,2.978353600468996092e+02,2.938962852655088795e+02,2.920255431937740696e+02,2.942097590839479153e+02,3.028766240221141288e+02,3.083049592469588447e+02,3.065896157650089435e+02,3.005363673479197928e+02,2.995841923124895629e+02,2.922884581295622866e+02,2.849628832710814095e+02,2.918704147173505703e+02,2.900614068252004927e+02,2.885375763169312222e+02,2.945984115383889730e+02,2.934814390819514074e+02,2.997554707077962917e+02,3.036897888244828891e+02,2.824609267093046014e+02,2.714638850904423180e+02,2.872468778930537496e+02,2.948574757010567282e+02,2.900988341214643356e+02,2.962966926481561813e+02,2.874976218031514463e+02,2.932656745043407795e+02,2.898082767601140404e+02,2.822497070015695044e+02,2.881079872700479427e+02,2.941676580675656396e+02,2.957539102347082576e+02,2.997576913457479009e+02,2.902677734641643497e+02,2.773653258896401326e+02,2.876137521094439080e+02,2.883119402118326775e+02,2.900952276353516481e+02,2.866409539576000043e+02,2.896856587495258850e+02,2.959363722321609202e+02,2.997387288411524082e+02,2.978840423725728215e+02,2.959150671841254621e+02,2.935361417810836429e+02,2.923609557369771892e+02,2.923437039167040439e+02,3.085363607666143935e+02,2.995082576968226817e+02,2.963934414232090830e+02,3.018901853622799081e+02,3.005912546491073840e+02,2.990932081760062147e+02,2.992946956951393531e+02,2.967943608588362849e+02,2.952096371462071716e+02,2.955464812892457758e+02,2.979388892421847004e+02,2.767248102837943406e+02,2.507858962846203781e+02,2.349408449353579158e+02,2.490324621079442409e+02,2.704792073096493823e+02,2.632077351807909054e+02,2.662050484610230114e+02,2.732655326292557447e+02,2.883543068745545952e+02,2.749597500366558620e+02,2.552020215501116240e+02,2.650762418391940400e+02,2.797138308062844203e+02,2.877204461112633567e+02,2.831496604232856384e+02,2.849218388074571635e+02,2.959346452083834720e+02,2.895385242366926946e+02,2.833028658780694968e+02,2.779950279217514435e+02,2.491697936132958375e+02,2.400784671639680710e+02,2.596774954001768378e+02,2.701241839274327958e+02,2.673707538134006541e+02,2.722330727068620035e+02,2.611376761974834153e+02,2.650502372966545295e+02,2.731662309470457330e+02,2.572059079660854195e+02,2.546311440660404912e+02,2.585999906306459479e+02,2.541499759708448778e+02,2.447774346338354121e+02,2.463815400150458572e+02,2.557150419201137197e+02,2.603586933229566398e+02,2.662670206000100279e+02,2.735647984867936771e+02,2.657916786747158540e+02,2.543439989883051453e+02,2.479808599433388281e+02,2.396421242224045045e+02,2.366389645102206600e+02,2.253864831353894829e+02,2.170104654388059657e+02,2.201764183248025120e+02,2.336756166984548031e+02,2.427624359203251743e+02,2.426755077663323448e+02
2.518549460284566237e+02,2.631245089588368842e+02,2.851422509624763393e+02,2.992015740371584229e+02,2.954335626731821662e+02,2.954675079724664215e+02,3.081535248063336212e+02,3.130850145367930963e+02,2.986989531885437259e+02,2.870615220329584645e+02,2.915410280484384202e+02,2.965361680428769660e+02,3.033884754773121131e+02,2.823673327856847095e+02,2.801502325456874587e+02,3.044807841166471576e+02,3.061521264596334504e+02,2.904489719630965965e+02,2.689875154901947667e+02,2.585050315198049589e+02,2.718759842246477660e+02,2.825499305642614445e+02,2.782432478733956600e+02,2.664604581552435434e+02,2.657384723554703783e+02,2.710684923785737510e+02,2.839985405699416106e+02,2.805030422975951865e+02,2.818074248320020843e+02,2.812236811164642631e+02,2.649431456826650333e+02,2.638358499543267044e+02,2.802282423238095816e+02,2.839102101540870535e+02,2.866412560334053410e+02,2.908918534160106901e+02,2.872845349612196628e+02,2.819960811062043149e+02,2.653460692401081360e+02,2.691454826919650714e+02,2.854339452504434007e+02,2.705144913170577752e+02,2.711326481630392209e+02,2.952437280512826874e+02,2.902711332828781110e+02,2.760111981326921295e+02,2.907872472207565124e+02,2.849608831210530298e+02,2.683970117715503534e+02,2.817992493253883595e+02,2.803723927198161050e+02,2.837411693973566571e+02,2.905520673720344575e+02,2.972325956538485912e+02,2.920887896234719392e+02,2.767627691885649028e+02,2.656959917945027883e+02,2.466784057163688715e+02,2.318807976054809217e+02,2.381721899237415414e+02,2.416289424484902213e+02,2.560989462879410326e+02,2.657963521315879234e+02,2.706968762167244336e+02,2.734597187273479335e+02,2.826638864340320652e+02,2.905380821809636700e+02,2.961002482566593699e+02,2.856748267977203568e+02,2.790149165238835849e+02,2.722767911385461730e+02,2.794331488940082977e+02,2.842514266450313585e+02,2.847932812804489799e+02,2.982649861494626862e+02,3.038510932500727790e+02,2.993333241683801589e+02,2.997214246441170076e+02,2.861805054623016531e+02,2.905663849504193195e+02,2.909357207025099115e+02,2.981068668778128767e+02,2.957813622876165027e+02,3.019265626495107995e+02,3.075938252800619921e+02,3.278000750317211214e+02,3.199631619780957408e+02,3.058214382416097692e+02,2.999220982107183318e+02,2.947020880657225348e+02,2.988742866715040805e+02,3.213231439689885747e+02,3.192292761661092300e+02,3.209213832186480886e+02,3.304645224773638574e+02,3.201718117754912782e+02,3.128902374819192573e+02,3.184654766916993935e+02,3.055260557011125684e+02,3.078604371842106957e+02,3.080713247807452717e+02,3.074177901481285744e+02,3.202857257062471490e+02,3.195767556873731223e+02,3.216728944004278219e+02,3.227727881785054933e+02,3.168946188440262972e+02,3.135090662196502649e+02,3.233126382029404340e+02,3.199238739532938212e+02,3.131280731108870441e+02,2.966233335480126243e+02,2.976217386006846937e+02,3.133098852450357299e+02,3.123000969696320794e+02,3.112442208300411721e+02,3.129070878990427218e+02,3.161640403260976200e+02,3.167614429917575762e+02,3.078761207003538516e+02,3.014679871894295502e+02,3.032227966706972779e+02,3.013044568444466336e+02,3.083619825870428599e+02,3.064339832580359371e+02,3.021899217921748573e+02,3.066566615143843251e+02,3.158849565188036763e+02,3.154074199670729968e+02,3.113217588939791085e+02,2.976482595586424509e+02,2.954788849144970300e+02,2.970614971701820650e+02,2.955707476742858830e+02,3.058171550120185884e+02,2.960692991901531173e+02,2.989082960446187371e+02,2.935423638316894426e+02,2.899079868644516864e+02,2.964931290102243224e+02,3.014396408424706237e+02,2.955234198253094178e+02,2.980485493290900081e+02,2.943128888528549965e+02,2.927539342416237673e+02,3.048722815809050530e+02,2.991991948806200412e+02,3.014202450446485386e+02,3.041024017068500029e+02,2.934158167662877759e+02,2.949154009565624506e+02,2.969426099765119034e+02,2.948123338344771582e+02,2.927758697615133769e+02,2.921548588237620834e+02,3.048832456967133453e+02,3.073159987532345667e+02,3.048837683125027525e+02,3.109299957607443616e+02,3.093524540132495417e+02,3.027543377761612078e+02,3.073160543034913417e+02,3.013652542391886300e+02,3.065552864199222540e+02,3.125095132092796462e+02,3.058989416573704148e+02,2.769769099452495311e+02,2.482338881231687822e+02,2.311250603390936078e+02,2.519538476178078668e+02,2.873404759698264002e+02,2.672181997504765150e+02,2.754402141210563286e+02,2.751398461287565169e+02,2.902342198710697403e+02,2.883577079371198124e+02,2.573651542039402216e+02,2.625593136323956287e+02,2.773399088587545975e+02,2.900030798022576732e+02,2.893181903527208760e+02,2.827669022753196373e+02,2.800441782968365487e+02,2.859285316758629847e+02,2.940494231618773711e+02,2.816569685016885956e+02,2.390456854535260334e+02,2.265109439069212272e+02,2.503903135656912013e+02,2.661013339712903871e+02,2.593932298946797914e+02,2.729919892431799440e+02,2.790732795399393922e+02,2.778697136843460953e+02,2.746039745423720433e+02,2.676298345134084684e+02,2.669089827319630217e+02,2.782528289350890986e+02,2.909867383091720399e+02,2.830319344587944101e+02,2.779735960477979688e+02,2.731283864554771412e+02,2.788869066890059685e+02,2.980099923870255907e+02,2.981759401185012734e+02,2.860893782922390187e+02,2.556833340265093284e+02,2.352861666929206024e+02,2.245480079382944041e+02,2.294726843108495871e+02,2.295367733361023284e+02,2.349408066393734771e+02,2.232651784572666429e+02,2.122876048690954747e+02,2.140733521075813144e+02,2.216787521350001953e+02
2.527339741755434943e+02,2.691545901781502153e+02,2.801636948235588989e+02,2.809545965470207989e+02,2.945571862053876657e+02,2.893121477718109418e+02,2.956966788539656932e+02,3.053939206419313450e+02,2.983569505280436829e+02,2.801462699106952527e+02,2.787154850594991444e+02,2.740903191603683808e+02,2.813516007274903359e+02,2.825172421665164393e+02,2.833220494127363054e+02,2.955940370934904422e+02,3.006074535947473692e+02,2.797056995539397803e+02,2.583657208543709203e+02,2.503050752406048503e+02,2.584866124126299951e+02,2.514544106847974945e+02,2.532570368919789132e+02,2.496716231744964887e+02,2.464251285837141552e+02,2.445894519655054467e+02,2.591452677440478851e+02,2.671268417410640268e+02,2.646952825520434089e+02,2.622958214868225468e+02,2.714576675059730064e+02,2.648596727856113375e+02,2.489177096404496297e+02,2.500097078741448797e+02,2.578940659199011520e+02,2.491110710157708183e+02,2.566185540489783534e+02,2.708908872806199497e+02,2.736522178070212590e+02,2.631996286627253312e+02,2.632506283458536700e+02,2.640662758553590947e+02,2.638101305387589832e+02,2.651681549596137870e+02,2.659334545399325975e+02,2.725514288877236027e+02,2.718193158995669023e+02,2.631389547890784684e+02,2.794245189929583830e+02,2.865854930629290038e+02,2.929020789649554217e+02,2.863535616835601445e+02,2.841487798508667879e+02,2.893708489055436530e+02,2.832674540132011884e+02,2.947962019089719092e+02,3.023534392085753666e+02,2.756480612404582189e+02,2.587658650920092782e+02,2.648821102143795088e+02,2.712613407520075839e+02,2.796912874104340858e+02,2.795129542162881648e+02,2.720126397106194531e+02,2.719381424161309724e+02,2.781445479628908402e+02,2.827044847345233620e+02,2.814680422987666475e+02,2.771609083699660232e+02,2.844618143168655138e+02,2.953463804498493346e+02,2.853466246628813110e+02,2.805998762738143455e+02,2.812078830918188714e+02,2.868219541456416550e+02,2.943100473397155383e+02,2.975362929239088317e+02,3.034971611496068249e+02,2.994189399789319737e+02,2.948181627848638300e+02,2.962989080246936737e+02,3.056981630737416822e+02,3.022018246469881433e+02,3.060779433500291020e+02,3.049105127855443129e+02,3.078187247051109807e+02,3.114773333418556831e+02,3.008687237746482879e+02,2.996970000072250286e+02,3.099470076750329213e+02,3.154008632654638973e+02,3.174658175779476892e+02,3.113538484739647743e+02,3.206280699950017379e+02,3.269882811543296839e+02,3.182153670660310354e+02,3.154352706882439179e+02,3.148110497642983319e+02,3.124972171872519766e+02,3.128487488580586273e+02,3.195094858814645136e+02,3.202407681816713421e+02,3.149539270804959870e+02,3.128606020897975100e+02,3.085534232165877029e+02,3.032391262430688244e+02,3.029719194446327037e+02,3.142439923070325563e+02,3.180804215547187255e+02,3.134626690786025165e+02,3.132447790394741105e+02,3.146830966554246629e+02,3.079943716966021157e+02,2.944526754377676525e+02,2.943321829881360827e+02,2.950666601169102137e+02,2.955062409525111207e+02,2.967762298902704856e+02,3.085229806231876637e+02,2.976748603365012968e+02,2.879652138389561742e+02,2.871095192065449737e+02,2.898823906044123078e+02,2.952614559973495716e+02,2.960346393081190968e+02,2.937723877934862458e+02,2.903553010690073393e+02,2.875817570223592270e+02,2.865939641072747008e+02,2.972440347359950010e+02,2.928753135397839173e+02,2.888203151263713266e+02,2.922537606074641303e+02,2.848997532696594703e+02,2.758141480604649587e+02,2.927779154590738813e+02,3.041759871581847960e+02,2.951136570127018217e+02,2.968500520101768529e+02,2.906775582725655340e+02,2.879000129290496375e+02,2.603792950541396181e+02,2.504791253191138480e+02,2.664508891584499111e+02,2.876311052957961465e+02,2.997372190806838717e+02,2.859899825889573890e+02,2.799124005507163133e+02,2.875063239833374382e+02,2.791207233692780960e+02,2.830022191716099655e+02,2.778768098771924997e+02,2.707235593071399080e+02,2.649646284488356969e+02,2.634242267264366433e+02,2.763272925073697479e+02,2.697336045564618985e+02,2.514888179715763954e+02,2.608009757506753772e+02,2.821295997910486335e+02,2.787283732900344262e+02,2.686213257931893281e+02,2.695596536060824633e+02,2.785355273266574727e+02,2.858191692905029413e+02,2.908312069180348090e+02,2.841434757847987385e+02,2.701795634839070317e+02,2.701790871439091006e+02,2.922578278056259364e+02,3.029822214365929085e+02,2.752677454482416124e+02,2.381988656823779706e+02,2.301790532451571494e+02,2.607910771080890413e+02,2.978057736851005757e+02,2.921637060386634062e+02,2.851804226765518706e+02,2.788279109448834561e+02,2.871562451415022679e+02,2.862616964607199748e+02,2.744110000962888876e+02,2.524406455002254290e+02,2.437335319006439818e+02,2.577588818269455260e+02,2.896183070895218066e+02,2.773952603325694781e+02,2.784542559815112668e+02,2.950721315115620769e+02,2.897169717535610971e+02,2.786272032860900367e+02,2.770127842688504529e+02,2.808752162977949070e+02,2.811263077867839684e+02,2.844425851116398576e+02,2.782544724067731750e+02,2.827028379077979707e+02,2.911560852173133753e+02,2.949671177686719261e+02,3.006323228969245633e+02,2.998755462592357617e+02,2.742764010915025210e+02,2.703336695736165893e+02,2.789695473392797567e+02,2.970909632746850093e+02,3.011357031451036050e+02,2.939808590601078322e+02,2.884560424640275187e+02,2.830468080237998834e+02,2.910851364063954634e+02,2.889986784562714206e+02,2.840711026905305516e+02,2.722356464125305706e+02,2.612707762568591647e+02,2.492346930749224043e+02,2.552571628839651510e+02
2.500030775009053912e+02,2.501514778151643839e+02,2.609016205233557457e+02,2.739264534448747668e+02,2.810425828991633352e+02,2.912481334034983433e+02,2.936458626922014332e+02,2.923410727295962488e+02,2.723531855219848126e+02,2.646181690791447636e+02,2.454771024524137601e+02,2.400919529080637744e+02,2.627842963802223721e+02,2.947934025445882753e+02,2.975526086472528959e+02,2.964412507314696086e+02,2.872383532428597732e+02,2.738520528947718162e+02,2.553141507272164290e+02,2.329346015095974849e+02,2.146212917039171089e+02,2.117135273821023134e+02,2.251681157247939211e+02,2.356851073137769674e+02,2.401709403432344061e+02,2.424704945980553248e+02,2.478145717632908429e+02,2.379353450842406801e+02,2.387817334786566050e+02,2.460006157629726715e+02,2.518005914131063605e+02,2.466776430390643782e+02,2.442867471576923322e+02,2.349816123967802923e+02,2.380072098604746316e+02,2.397924662911923690e+02,2.407335508680016858e+02,2.412406272989435934e+02,2.449546326266764709e+02,2.433021448243886766e+02,2.386165363408808844e+02,2.348093285547116125e+02,2.355667719115155023e+02,2.438084994841153161e+02,2.469206256918391205e+02,2.602050776459740291e+02,2.647617744846813821e+02,2.588543965150514055e+02,2.734804369824904597e+02,2.687480539862618798e+02,2.620170300664483420e+02,2.680140202275233605e+02,2.810966310088375621e+02,2.914261792332150662e+02,2.965485139154408216e+02,3.012253695171809795e+02,3.010607047819809736e+02,2.950864646947630945e+02,2.684102403907064058e+02,2.299115926901407079e+02,2.196205718608305517e+02,2.364519091052582382e+02,2.455341723765942845e+02,2.458799418709189979e+02,2.463524854190778228e+02,2.621921856086948992e+02,2.581609779241514389e+02,2.572195651160300827e+02,2.575014081549609841e+02,2.653377620057038371e+02,2.690913724169624857e+02,2.632280983394247187e+02,2.622625192390849520e+02,2.802449230080314351e+02,2.783057423904847951e+02,2.745559823797220247e+02,2.702786385586560982e+02,2.603692453319246169e+02,2.658446592232559169e+02,2.775745805114304972e+02,2.854242173585059845e+02,3.034780550116162772e+02,2.900455529894060192e+02,2.822772030534697478e+02,2.910019340446660294e+02,2.942458520789177783e+02,2.928734409027823062e+02,2.888660771412997974e+02,2.876459381231121597e+02,2.836957944553330435e+02,2.940228466031675225e+02,3.111622394291388787e+02,3.159350105522363492e+02,3.250077584346933008e+02,3.251034894878232535e+02,3.230056267225273814e+02,3.329549267443506437e+02,3.274043546862417315e+02,3.092854669746301397e+02,2.984113380585889672e+02,3.073302235657243955e+02,3.027386808098818847e+02,3.008408443023220116e+02,2.946290006251117575e+02,2.897898130579494023e+02,2.898886261573736078e+02,2.986909189716075730e+02,3.095631417930534894e+02,2.986597823961229778e+02,2.752574445801703860e+02,2.662700141951412434e+02,2.561293474219444306e+02,2.527466632628305092e+02,2.590712166884069916e+02,2.690031396259915937e+02,2.555753100816737060e+02,2.512373097338426362e+02,2.537944501595207498e+02,2.615149501643199983e+02,2.601549014837958680e+02,2.583462927227214436e+02,2.634020556684141070e+02,2.488640197916716374e+02,2.421110600508159791e+02,2.505184949455324102e+02,2.578572116046826181e+02,2.409359569568247252e+02,2.452335109895188339e+02,2.522862410643705573e+02,2.590587191819955137e+02,2.608036047244694373e+02,2.474383498608571017e+02,2.360606480816314274e+02,2.429212545965302752e+02,2.440249039508456121e+02,2.446965839338031117e+02,2.481590966237166356e+02,2.570086643054576712e+02,2.515851150386365589e+02,2.339777544374788363e+02,2.343295730031413484e+02,2.187896587836109177e+02,2.085143814968298841e+02,2.200424243744746775e+02,2.415498406990727176e+02,2.413687839407932358e+02,2.359459321681243296e+02,2.434628426444324987e+02,2.575211575740999592e+02,2.629058510623830216e+02,2.775880098944581391e+02,2.736526430684315869e+02,2.673364677619792360e+02,2.621794602981335629e+02,2.525616252735686089e+02,2.595928258613644175e+02,2.557057689531955305e+02,2.366692061158630622e+02,2.415559791466288289e+02,2.605254962230113165e+02,2.588541580177141554e+02,2.537348155905634144e+02,2.596896602607941986e+02,2.733194280763107145e+02,2.877348243299902606e+02,2.903431256532026055e+02,2.779970375040145427e+02,2.678339099390549904e+02,2.719054921577639448e+02,2.852272574034910235e+02,3.024859233018315763e+02,2.577993722334326208e+02,2.102347780606527010e+02,2.041253027421373645e+02,2.388647489436692126e+02,2.907306127545811592e+02,2.710719395205446745e+02,2.732653969926604418e+02,2.828204232597599912e+02,2.851545973805617677e+02,2.790026164909649538e+02,2.531755305819987143e+02,2.217563289323519200e+02,2.119589612329131398e+02,2.308064496511434811e+02,2.870064031879948629e+02,2.834608844039163387e+02,2.769343493783848089e+02,2.816042312881742191e+02,2.891291830377429051e+02,2.725397530769466812e+02,2.646576630119660081e+02,2.736331062931467386e+02,2.869459395297420770e+02,3.002157218794170603e+02,2.906172944074834277e+02,2.952315385087073309e+02,2.904076921807176745e+02,2.931962310984981173e+02,2.977287285183803078e+02,2.931112606250927684e+02,2.915390313696322551e+02,3.092308874106792018e+02,3.179946296739869354e+02,3.154355770696246282e+02,3.026743547778306720e+02,2.957094647368861615e+02,2.966896730318749746e+02,3.053011057504579639e+02,3.019607133160225771e+02,3.143577828878058540e+02,3.131450373119291726e+02,3.023343780024222269e+02,3.025328694409633954e+02,2.950994457174470540e+02,2.910317929112923707e+02
2.520400764160554559e+02,2.570865825349817442e+02,2.755054634766730715e+02,2.941557758578761081e+02,2.950708397743565570e+02,3.058152660024201737e+02,3.091828285727984849e+02,3.165896815383669605e+02,2.919083398178157722e+02,2.823319892195144689e+02,2.618648193970864781e+02,2.462583870819013327e+02,2.674482830331359082e+02,3.032934649740858504e+02,3.064343185488568793e+02,3.044609951711266831e+02,2.897957540619062229e+02,2.861339215072138131e+02,2.737900921052836338e+02,2.570231278886203086e+02,2.437357543135550770e+02,2.396544245762801779e+02,2.431576217592742069e+02,2.445431742271950668e+02,2.451728143426222459e+02,2.499181765764256795e+02,2.644302424296785148e+02,2.673789034828212152e+02,2.729302008800369777e+02,2.723142748176618966e+02,2.783633835173380362e+02,2.834334776027606040e+02,2.683107350357987571e+02,2.528366770662482281e+02,2.558982309589237047e+02,2.687883901565006681e+02,2.696736405645151535e+02,2.605306001909515317e+02,2.641209835747947068e+02,2.576066502163138807e+02,2.538530064966208784e+02,2.545497955887272497e+02,2.644959371198762597e+02,2.714596277506683464e+02,2.750485339862170235e+02,2.822142243235807086e+02,2.875441125135050697e+02,2.905573392002207811e+02,2.954199987422376239e+02,2.962452731598211813e+02,2.935566978165837781e+02,2.928207483428089972e+02,2.986215817468877276e+02,3.003610231523355196e+02,3.110575378995481515e+02,3.040260212610053827e+02,2.895677041782809056e+02,2.667609274418930454e+02,2.540863186047317299e+02,2.460547801849374139e+02,2.335876142275763812e+02,2.455851001844719690e+02,2.697203913304342677e+02,2.757666961401076833e+02,2.823378299576169752e+02,2.902740339340358560e+02,2.792267930374013076e+02,2.801390015492431758e+02,2.880391794827360741e+02,2.946765877347981473e+02,2.975048733903326479e+02,2.988060446440493365e+02,3.035076970689513587e+02,3.103794046279872987e+02,2.947249867861113444e+02,2.803183694994554003e+02,2.908629844907547977e+02,2.999973042341109135e+02,3.029063274094730787e+02,2.989167733139182133e+02,3.073601806688477609e+02,3.217561183397478430e+02,3.187163311327923338e+02,3.138097719956566607e+02,3.204157526562092926e+02,3.218435234312570969e+02,3.174203292474753084e+02,3.084498431893428005e+02,3.057024713163144725e+02,3.215415077472439407e+02,3.352373787641017771e+02,3.253673799193455807e+02,3.259298194472337968e+02,3.243688530056148238e+02,3.237643291963807997e+02,3.315778416953268675e+02,3.387295215120626608e+02,3.428152842991569855e+02,3.214106127813279272e+02,3.162165905837208584e+02,3.254906294736521772e+02,3.115450361393371281e+02,3.123764431734431923e+02,3.156822854748325540e+02,3.089731048439933829e+02,3.097007296589204088e+02,3.094050659758293023e+02,3.095795169351144409e+02,3.123707848116964101e+02,3.031590322308295526e+02,2.883496267048183768e+02,2.799613182922252008e+02,2.862293343735109374e+02,2.897505565739167537e+02,2.866386017091332405e+02,2.792239884045092140e+02,2.697488217442679570e+02,2.657447134638231887e+02,2.748255266707563464e+02,2.923346464501822766e+02,2.966957177890941466e+02,2.941002274309597055e+02,2.929881394290401317e+02,2.769864655545723622e+02,2.741797593562222914e+02,2.860391469115755285e+02,2.824840784043310009e+02,2.832255592648813263e+02,2.720940634120772756e+02,2.723616480350275424e+02,2.678757193829134735e+02,2.670576467142797696e+02,2.629677820462739533e+02,2.620367120627489612e+02,2.671937501715951271e+02,2.589954228653819541e+02,2.582381756670592381e+02,2.587947256672571825e+02,2.576165282413545015e+02,2.384464113649445949e+02,2.464603826483998432e+02,2.644913602648484243e+02,2.701105519987009984e+02,2.708060478586488102e+02,2.655647596787086400e+02,2.545997060067370796e+02,2.518287549534087475e+02,2.640015743115661735e+02,2.821551174400079844e+02,2.825097762265894517e+02,2.957795805921180090e+02,2.875272539580175248e+02,2.918185269919259781e+02,2.987462873807559163e+02,2.845937602649681253e+02,2.900984064217274181e+02,3.008152386748170670e+02,3.006190621743163547e+02,2.998800434205932675e+02,2.958589324654414554e+02,2.939282736095889277e+02,3.046138900659817068e+02,3.150814438710045806e+02,3.188463084041324578e+02,3.193710327484035361e+02,3.126261319588675178e+02,2.869242796270677900e+02,2.734912312282689300e+02,2.671351109019805108e+02,2.750298535532468804e+02,2.967128223905472169e+02,2.884444269539720267e+02,2.650085676541994530e+02,2.684525762915594669e+02,2.941852491909693299e+02,3.053458813886435337e+02,2.716786329559087108e+02,2.690737177601559438e+02,2.818985473449457118e+02,2.904321156434526756e+02,2.920443594634743931e+02,2.972021089572677397e+02,2.915964502527673403e+02,3.025238828318247783e+02,3.034201709361261123e+02,2.855833830938642564e+02,2.760882806729433696e+02,2.851434037950269840e+02,2.950885413117262033e+02,2.977696223301891223e+02,2.775000459311905843e+02,2.683126657870573126e+02,2.789915806838004642e+02,2.928547684903530239e+02,3.008493963622296405e+02,3.092067585392024398e+02,2.938490633665488190e+02,2.843476338988087946e+02,2.959688184934844912e+02,2.989175587619055250e+02,2.916443350576154785e+02,2.886281910452343027e+02,3.012745390145194619e+02,3.054150751887059414e+02,3.135218055915173636e+02,3.025449214779046656e+02,2.980327798886647201e+02,2.918921096145595584e+02,2.962256021328940960e+02,2.891534108767071984e+02,2.926878884560937308e+02,2.966876254775334019e+02,3.070016544758836403e+02,3.011822620702071163e+02,3.045917919761096755e+02,2.993160613752771155e+02
2.716144944620496631e+02,2.860644615117071794e+02,3.067495737968536673e+02,3.188812605591969032e+02,3.147207791536800414e+02,3.066603536307411559e+02,3.178483983366567713e+02,3.279647119674604596e+02,3.263136356949879087e+02,3.142315828402789748e+02,3.099804738164402238e+02,3.097955114879948724e+02,3.131229792009168023e+02,3.035630379002025734e+02,2.944299983584028269e+02,2.980014546222677154e+02,3.067968645229050253e+02,2.847266585664600598e+02,2.672807490481365562e+02,2.696117092633231209e+02,2.699713775139362042e+02,2.836632179303830981e+02,2.858661038339018887e+02,2.773532826213739213e+02,2.726664567078001937e+02,2.852708442929130115e+02,2.947603450144594035e+02,2.982362192757952926e+02,2.963300026399235776e+02,2.947050027949954938e+02,2.923322419978063067e+02,2.920619729797414834e+02,2.974747335628546239e+02,3.023650486430613569e+02,3.027817301206708862e+02,3.087612239859550982e+02,3.031132016126478561e+02,2.986661287379191094e+02,2.974984761353887279e+02,2.917752511241276920e+02,2.821729833169962376e+02,2.853193396300408722e+02,3.014170510615829244e+02,2.989031316993408609e+02,2.992519855615255437e+02,3.023437343528657379e+02,2.934403869774774307e+02,2.880039224793820836e+02,2.836782926473634916e+02,2.868383741070122710e+02,2.929698556592327350e+02,2.991738637221885710e+02,2.914628263756985120e+02,2.980654870188575956e+02,3.027551507678146550e+02,2.985850930710171838e+02,2.917287158395034794e+02,2.669488522515254090e+02,2.547100484845257142e+02,2.619253241187009280e+02,2.835591723019530832e+02,2.826025460669582685e+02,2.955450833948087848e+02,2.934270127418317884e+02,2.868073194157377657e+02,2.882490534736011227e+02,3.058770263715834972e+02,3.064096663091029313e+02,3.025061152775574556e+02,3.033425500549568596e+02,3.049288079987785522e+02,3.051577122587758595e+02,3.051327809241300315e+02,3.155489712472048041e+02,3.174082396718688415e+02,3.063237027969576616e+02,3.126830843347275959e+02,3.125046914704445271e+02,3.072456241677933804e+02,3.050043949316149678e+02,3.085914312507039767e+02,3.061543055801519699e+02,3.113494120925338962e+02,3.282402160634057395e+02,3.235370622485284002e+02,3.219260319879403482e+02,3.254938748188827731e+02,3.214962943014814982e+02,3.160806754997025791e+02,3.214417877539582378e+02,3.331294280537707664e+02,3.320056586974001220e+02,3.316086751108641693e+02,3.212801232943009495e+02,3.233457328084011237e+02,3.276585818428963535e+02,3.289457543166135451e+02,3.332543316434398548e+02,3.167327795017045560e+02,3.064670315612895592e+02,3.152012344484512596e+02,3.165384869580419149e+02,3.098951427718575360e+02,3.155685469733549553e+02,3.195975387442835540e+02,3.187677436841961480e+02,3.107320953884076857e+02,3.129367254781911925e+02,3.204242816376182645e+02,3.217196362134661172e+02,3.090404022708517005e+02,3.070590537710965577e+02,3.186004222255750733e+02,3.178547081546598747e+02,3.108595939151827565e+02,3.006014811703550436e+02,2.894675797458605189e+02,2.990421627231067987e+02,3.145387254859618338e+02,3.229081799444910530e+02,3.212315230146429599e+02,3.128949239833087859e+02,3.014024643812616091e+02,3.025722704525088034e+02,2.973134731590618003e+02,2.949579758978846371e+02,3.043698396975049718e+02,3.049892735500536105e+02,3.150966806642157394e+02,3.159039481507476808e+02,3.086889755107516748e+02,3.027495833511226238e+02,3.067638663448149714e+02,3.002334659521810067e+02,2.964873545177504184e+02,2.973637141399895540e+02,2.998550468522573738e+02,3.067225218063242664e+02,3.103164336647734558e+02,3.094782898080673021e+02,2.974649858325702212e+02,2.946310596073637385e+02,3.082598018114947536e+02,3.139529539895028165e+02,3.079035413548955376e+02,3.019062935273278754e+02,3.103950706990185040e+02,2.998565516090295660e+02,2.904618097595188146e+02,3.027914711222386472e+02,3.153243926170624718e+02,2.978478184848597152e+02,2.982956966726425776e+02,3.124773337868048770e+02,3.034562293992311766e+02,2.998596552580931984e+02,3.030985189056412992e+02,3.138536589297909245e+02,3.105695248584515866e+02,3.174862820409628625e+02,3.218935782656901097e+02,3.175708514574446895e+02,3.116346091601037074e+02,3.076855902994367398e+02,3.096437424070314250e+02,3.108707820015700918e+02,3.126697999772344474e+02,2.912122189534981658e+02,2.863665145965471197e+02,3.009228108858857240e+02,3.077827344870373736e+02,3.022465702575136675e+02,2.959644179499668439e+02,2.851309604321897950e+02,2.914134134852407101e+02,2.999008347960384526e+02,2.890925837656124600e+02,2.859779170885789199e+02,2.845927784969654795e+02,2.841492483957994182e+02,2.878069761466030059e+02,2.931643940097508221e+02,2.911679019837490614e+02,2.887167502056072976e+02,2.837768608822118495e+02,2.791676297697939617e+02,2.825481515449542940e+02,2.916596161235320892e+02,3.020495835861763680e+02,3.007351478283568440e+02,2.908810264783306820e+02,2.849149035954912961e+02,2.898629156420798267e+02,2.950657006075053914e+02,2.935944155233836454e+02,3.020953417124852649e+02,2.869075838321971901e+02,2.820971751640769298e+02,2.990138945329216540e+02,3.063592668661867719e+02,2.970765416950812323e+02,2.903413896511767689e+02,2.952894472135732258e+02,2.946979212628865525e+02,3.023206466207848848e+02,3.018438692975684603e+02,3.060399615740855666e+02,3.076976794416695498e+02,3.163028860586240967e+02,3.179436527349249104e+02,3.040502679079602899e+02,3.027107411546578533e+02,3.048624643580786824e+02,3.052864118300850009e+02,2.946735928539906695e+02,2.936137233329948231e+02
2.642388560343387098e+02,2.778327066104020560e+02,2.857136577472799672e+02,2.882861989536341980e+02,3.032272681199414706e+02,3.124509166113340370e+02,3.227848789254284156e+02,3.200892857284500224e+02,3.298481768590328329e+02,3.071824283923584176e+02,2.854628350474348508e+02,2.726652340789555637e+02,2.877944482965145880e+02,3.120664504995469315e+02,3.075932530202279622e+02,3.084899818769658282e+02,2.836568233243150985e+02,2.632194066929440055e+02,2.536374748405908690e+02,2.518461589178327813e+02,2.468405832517379395e+02,2.463473656967390184e+02,2.208127733157537591e+02,2.038395557804247744e+02,2.079421446861574054e+02,2.439958636231812932e+02,2.498164481994032258e+02,2.523489725087149509e+02,2.685490328648392051e+02,2.511540012789473053e+02,2.384539932182007931e+02,2.290166810027739359e+02,2.401071260332709869e+02,2.656004010919525626e+02,2.572871835573033081e+02,2.517897973313037028e+02,2.449848915727135363e+02,2.336674875735074579e+02,2.415857455495552699e+02,2.493406025889657656e+02,2.465639581080189942e+02,2.618246448841116489e+02,2.707386355266424403e+02,2.603565395948405126e+02,2.637667825630489915e+02,2.799625072036115512e+02,2.856371288793570216e+02,2.773787338632610613e+02,2.757281464069269532e+02,2.852217948336895006e+02,2.913339796984060399e+02,2.910627232375235280e+02,2.939282159798831913e+02,2.949325018195576149e+02,2.966391029192185442e+02,3.153780170425247888e+02,3.219789264658459729e+02,2.926458080357382414e+02,2.674161157140617888e+02,2.703479626057186351e+02,2.770917969298071739e+02,2.740629916666804320e+02,2.707309528640482199e+02,2.621322024178735433e+02,2.543153194527621395e+02,2.550802419655151141e+02,2.672615500788907639e+02,2.773387731240424046e+02,2.774394614352186181e+02,2.893200339750457033e+02,2.863858417543142423e+02,2.713127536521197385e+02,2.687384495115927621e+02,2.755054597580395921e+02,2.835539363085357536e+02,2.871928960055784046e+02,2.779062784240011865e+02,2.815657960279029339e+02,2.858862094470064221e+02,2.954773236645319798e+02,2.993922947064610298e+02,2.856057767928457451e+02,2.801678381321253255e+02,2.793211477332749837e+02,2.817045518156618300e+02,2.878868448136379925e+02,3.047885643418067048e+02,3.088485783734679444e+02,3.101349695057426175e+02,3.172569295719627007e+02,3.235125726645024429e+02,3.320118865566494719e+02,3.330803872406266350e+02,3.340028417365221003e+02,3.320137921953560181e+02,3.315990131849685554e+02,3.325920630713650326e+02,3.250372607978741257e+02,3.055167569379903512e+02,3.058115713216609493e+02,3.044724140529068563e+02,3.038522588959398263e+02,2.930324234538095993e+02,2.966472499969776777e+02,2.976815321213903758e+02,2.993038982015473266e+02,3.031006029846716956e+02,2.972461571664931625e+02,3.038067688011165615e+02,3.086564335947514905e+02,3.053280834848710583e+02,3.002312765766107532e+02,3.090365847436917193e+02,3.188562096430878228e+02,3.163278043009501062e+02,3.039077984922260498e+02,2.914701003765413247e+02,2.941668405624229763e+02,3.074219334651224926e+02,3.160226088310755017e+02,3.304609975362559453e+02,3.144614552903414619e+02,3.067831745997657436e+02,3.080264834082236121e+02,3.052653202613133772e+02,3.087801579121872351e+02,3.149232336613313237e+02,3.103541912440884971e+02,3.084004986977591329e+02,3.075856619098598230e+02,3.092320652060565180e+02,3.117098147652851594e+02,3.117285868727944944e+02,3.097914886592977837e+02,3.124087366152153891e+02,3.140040908222014764e+02,3.095456088739559277e+02,2.982281019832091147e+02,2.998020908110016194e+02,3.094385989304048508e+02,2.984437446147281321e+02,2.987200126108189693e+02,3.007658544941619425e+02,3.044889882967827361e+02,3.063074922335524093e+02,3.069924558919062747e+02,3.221657443892986521e+02,3.135323249055242059e+02,3.063666295829887645e+02,3.099563793224533583e+02,3.190410072893353117e+02,2.906006349360636136e+02,2.914745749647403272e+02,3.206174275941328915e+02,3.204493585488638132e+02,3.172265023287631038e+02,3.160283879897071984e+02,3.073371127535967275e+02,3.047067130092005414e+02,3.182244295950462174e+02,3.217797409018215262e+02,3.149079860060400620e+02,3.152265624292445523e+02,3.169637567394319717e+02,3.261843895663873809e+02,3.203228791012766692e+02,3.108756899346282125e+02,2.895370053043080816e+02,2.902664965499861864e+02,2.892020941889593360e+02,2.977588083426446133e+02,2.883453210463723053e+02,2.810271796650829401e+02,2.793850082972069799e+02,2.926612339832641396e+02,3.061647488637871675e+02,2.886406413864457363e+02,2.860890761579219088e+02,2.813281110840385963e+02,2.736600728774865843e+02,2.726402241589075288e+02,2.809511028495502387e+02,2.897158547404441151e+02,2.909801949255844988e+02,2.872150994556299679e+02,2.887884091152508290e+02,2.876790431151317193e+02,2.834221347132012738e+02,2.860553277257502600e+02,2.873058023587055345e+02,2.587127624309992484e+02,2.544766651485263083e+02,2.757319372109266169e+02,2.707167264305083449e+02,2.661151435000252832e+02,2.716825582495036429e+02,2.652229540329589099e+02,2.672497597834595240e+02,2.775292682385214675e+02,2.736922081642700846e+02,2.643504656560794501e+02,2.720986057237846580e+02,2.743425493958450261e+02,2.768374035873611092e+02,2.724408008766436637e+02,2.526609560876191551e+02,2.570119975798513678e+02,2.937645267754189717e+02,3.062020576609223781e+02,2.872443236988194712e+02,2.831433474589592265e+02,2.950222055572924091e+02,2.977011754299815607e+02,3.027877157209877623e+02,2.931488559968120171e+02,2.894326486099490694e+02
2.476080392155539585e+02,2.567720620250378261e+02,2.712894563485682511e+02,2.833674316414071654e+02,2.891693651330344323e+02,2.953555242634038791e+02,3.038775059976915713e+02,2.984389997010007960e+02,2.918063895977194875e+02,2.733170635343986419e+02,2.571305022452611979e+02,2.536937131518580202e+02,2.752342976173811167e+02,2.898084562509549187e+02,2.790668067525022025e+02,2.894857302641195815e+02,2.702867873939725882e+02,2.511750278522152939e+02,2.461655692716854560e+02,2.305292489281089274e+02,2.225648638205348107e+02,2.343515487134564523e+02,2.337159949658046116e+02,2.312156783586574988e+02,2.397187625040374712e+02,2.546401351496357677e+02,2.584957120287752446e+02,2.535944044392973922e+02,2.703400859107657652e+02,2.547857639313268976e+02,2.565819783031616339e+02,2.554880767540310558e+02,2.611864229854433006e+02,2.625935008718872723e+02,2.423424238800272121e+02,2.414117849508450888e+02,2.481001922073576509e+02,2.494491430055651051e+02,2.533617975871364365e+02,2.547991701771143198e+02,2.506818533530170328e+02,2.528522320616662853e+02,2.579111905259796913e+02,2.563313961160824874e+02,2.594486296048634131e+02,2.769209748625905831e+02,2.885439669429150626e+02,2.801499641632105408e+02,2.764264248178246817e+02,2.828349646089710632e+02,2.879296846978215285e+02,2.843228699309509011e+02,2.980518849052086807e+02,3.002019344189153571e+02,2.976567743228220024e+02,3.073336939285535436e+02,2.870772987923917299e+02,2.675373153902816625e+02,2.421147679903066603e+02,2.387526317870741082e+02,2.414108546657168688e+02,2.424913393803012127e+02,2.464072159592448656e+02,2.537538324432685783e+02,2.617281848856783313e+02,2.612091751799005692e+02,2.563453875297620925e+02,2.477502235166721789e+02,2.493516737790982916e+02,2.782296355486433299e+02,2.868366124527365741e+02,2.782826950824309051e+02,2.770920020363992649e+02,2.807639025678521989e+02,2.761082796156877066e+02,2.679265807927014862e+02,2.650130427889977227e+02,2.773963571052523776e+02,2.899990336210635746e+02,2.903586847758618319e+02,3.025779426117329649e+02,2.894565820321321894e+02,2.758186375533404657e+02,2.692556974460263177e+02,2.701518953533902163e+02,2.769680577460891868e+02,2.949564834479168667e+02,2.998685414599298724e+02,3.023010644364985069e+02,3.097486546005622472e+02,3.218358509144523509e+02,3.227608372801225869e+02,3.255212635368457654e+02,3.388816783893235538e+02,3.359034781961536851e+02,3.175381246842198948e+02,3.214343825406159567e+02,3.286076329394157938e+02,3.177364872238586599e+02,3.096415414097873509e+02,3.042017358816990509e+02,3.044360919796307599e+02,2.999305412270389297e+02,3.053909146792841511e+02,2.986182112640429409e+02,2.985022828720694861e+02,2.965276549043960586e+02,2.929641600777030135e+02,3.012823466899614004e+02,3.113403747209393941e+02,3.153149434817105430e+02,3.063989326997836429e+02,3.173542403338615827e+02,3.197167802725369370e+02,3.207156296509689923e+02,3.133752971841718704e+02,2.991287651610319926e+02,3.048379071315441706e+02,3.256607705586891370e+02,3.263306969469965679e+02,3.253531494019014190e+02,3.123861114891080319e+02,3.149826537248540035e+02,3.247340278914170995e+02,3.169191111392250377e+02,3.117336141408267167e+02,3.064998289404227307e+02,3.092843215966489652e+02,3.157235006907517914e+02,3.227664556156070716e+02,3.256399526917536491e+02,3.307218299305575329e+02,3.265847600149874097e+02,3.217309670185065897e+02,3.193684619130186775e+02,3.117331342875870632e+02,3.125656948716837178e+02,3.108273061649423425e+02,3.084281945959607469e+02,3.124687394141572554e+02,2.978010241960618032e+02,3.025860095951895801e+02,3.122704930212931345e+02,3.157426868268255475e+02,3.185062428147031142e+02,3.167610082052805183e+02,3.192938193812826171e+02,2.988468277183900454e+02,2.974413901963303601e+02,2.970321176598855004e+02,2.808193043137604832e+02,2.658809671204006690e+02,2.759476400786685417e+02,2.884206812751468192e+02,2.841953010710121816e+02,2.831984282115629981e+02,2.700980846827549158e+02,2.633094053736464843e+02,2.655767686323872567e+02,2.663608156561383566e+02,2.834688641289525890e+02,2.897976977044835394e+02,2.838216360184264317e+02,2.916931735786162676e+02,3.049702552603891945e+02,3.029348113838603922e+02,2.965875212407886465e+02,2.748648285948766556e+02,2.560108021519746444e+02,2.561956684542082598e+02,2.790007406891627966e+02,2.764880751951254751e+02,2.746997196505129750e+02,2.902699710320379154e+02,3.069334655063764785e+02,3.021470000504617701e+02,2.418970002749129549e+02,2.074593863786511463e+02,2.125991551047339669e+02,2.471542627666094347e+02,2.525320119203024660e+02,2.595168951043384595e+02,2.669662488285487143e+02,2.824604448441403974e+02,2.895468779623186037e+02,2.839423583986111339e+02,2.754953209785250579e+02,2.700883224784523691e+02,2.764229099216324244e+02,2.756900718226340246e+02,2.621464104058308635e+02,2.585735106443663653e+02,2.621746047872892973e+02,2.640699560421760452e+02,2.511297814873992991e+02,2.422224174023758110e+02,2.405870759493877813e+02,2.602176903302169535e+02,2.700021716898406225e+02,2.587233943773913438e+02,2.625457755565943785e+02,2.531325503615293542e+02,2.464384525340264815e+02,2.563767603454471100e+02,2.518125752093262975e+02,2.379827080118924698e+02,2.484158985839984553e+02,2.754544713245339835e+02,2.675220332090997886e+02,2.553205210262424316e+02,2.480004437209733794e+02,2.561712050132788931e+02,2.559297859459702806e+02,2.635358004803397307e+02,2.502099816267310928e+02,2.524232818765938475e+02
2.610582350827112919e+02,2.698342938784797411e+02,2.846448445931648621e+02,3.113790185948768112e+02,3.122665481668898337e+02,3.172538814887352032e+02,3.288466379961175221e+02,3.163824176171938234e+02,2.903167866429121204e+02,2.763889445120992718e+02,2.780253519445672055e+02,2.799695090799464765e+02,2.979726779672903945e+02,3.042881178441701877e+02,2.971315427881978053e+02,3.009318430805951721e+02,2.982491635403418968e+02,2.861320181006047960e+02,2.804835929235990761e+02,2.774357704387242052e+02,2.695268496007861927e+02,2.618705156203421325e+02,2.589583261327568948e+02,2.678543198912435059e+02,2.855422501419297419e+02,2.991331965892076710e+02,3.062181124138638779e+02,3.017004524275491804e+02,2.975324190442804593e+02,2.994240565690641915e+02,3.017258026713060985e+02,2.997691602379682649e+02,2.933190557559927356e+02,3.008070626061434041e+02,3.038458198038323417e+02,3.011627981930167834e+02,3.075491932931157066e+02,3.099864689241908309e+02,3.033435016599065079e+02,3.029530930676498315e+02,3.013445774016587961e+02,3.104191209186549258e+02,3.035245603481001240e+02,3.014156671396503953e+02,3.041238013668647113e+02,3.159136718436679985e+02,3.207932526075851456e+02,3.113120064224756334e+02,3.098503736364265819e+02,3.093427521158652667e+02,3.183303474545795666e+02,3.237523933376522223e+02,3.205684448561949580e+02,3.195365159182597949e+02,3.193064140102486022e+02,3.043702327342109584e+02,2.688415312689884900e+02,2.525627320976614669e+02,2.488952543337206293e+02,2.556004841793288733e+02,2.551297723724472348e+02,2.545008255898983975e+02,2.503583530551561296e+02,2.594950206447903724e+02,2.823980148633871181e+02,2.958208801776116275e+02,3.049618281082659905e+02,3.028896960019940821e+02,3.087254247306106549e+02,3.157144320358080449e+02,3.179848074430382212e+02,3.096133121183555659e+02,3.177782280250820577e+02,3.250804520676524589e+02,3.102274705530751362e+02,3.144324563675848481e+02,3.240490125285545560e+02,3.134066129558249827e+02,3.142081053277840397e+02,3.227718885429463285e+02,3.312278967499472628e+02,3.350943422140960593e+02,3.338308623880870414e+02,3.274245944021830610e+02,3.199085788511317787e+02,3.234329854059807872e+02,3.278609723945940004e+02,3.237570004987799734e+02,3.217225522688358978e+02,3.296315732233674112e+02,3.461661602002543532e+02,3.488079643069567055e+02,3.412115065632295909e+02,3.408442843492902625e+02,3.429016285011935565e+02,3.256360673040823031e+02,3.321869474665559210e+02,3.446252017110909946e+02,3.400230729865260173e+02,3.330914433182599055e+02,3.330112009888161424e+02,3.275275584875012100e+02,3.247610827099926496e+02,3.274551388925938227e+02,3.200904630396928496e+02,3.262539095375585134e+02,3.189219672259776530e+02,3.150938471719999825e+02,3.112165294122223145e+02,3.159000229269252600e+02,3.143428647271720138e+02,3.132513523277079344e+02,3.137365417414428634e+02,3.145739441268520409e+02,3.118828515804070207e+02,3.164616966220251584e+02,3.170070676086965591e+02,3.140924902859325698e+02,3.124782643587491293e+02,3.219235053585683772e+02,3.199177644209355549e+02,3.177655876109664064e+02,3.097177299614190247e+02,3.146938931494157714e+02,3.160875569529223981e+02,3.156557881869339326e+02,3.154590879859250663e+02,3.132544728894533250e+02,3.138361559490241461e+02,3.183983336681581022e+02,3.187625595257512714e+02,3.013329208770882133e+02,2.643801604959354563e+02,2.538991717184621564e+02,2.523249012702119387e+02,2.588162234775264210e+02,2.812795903712254244e+02,3.035442483102503957e+02,2.987865180669290339e+02,2.941570106987245481e+02,2.652752397287776489e+02,2.431049998396046874e+02,2.406645801902957373e+02,2.496453918585881695e+02,2.660694818628297753e+02,2.928002016035777046e+02,3.041652436309711902e+02,2.972406979574926140e+02,2.855082078300103490e+02,2.778569214935062064e+02,2.658598068530330352e+02,2.635408489972878670e+02,2.757722423412718626e+02,2.847322289073084107e+02,2.806920248983280430e+02,2.769052831881701877e+02,2.639197556694973628e+02,2.450301574673174230e+02,2.439440977681164782e+02,2.554223361196953306e+02,2.777880571722912464e+02,2.769372115153643108e+02,2.643543230947670963e+02,2.748697342319659924e+02,2.879452988826348019e+02,3.008319657917159020e+02,2.958886972488724041e+02,2.760233829840224189e+02,2.688272903511244181e+02,2.753825764361113784e+02,2.995942243477562101e+02,2.847666724692766138e+02,2.788144559880843190e+02,2.954904715548161107e+02,3.125659164171024713e+02,3.128160121470978652e+02,2.648521597855776690e+02,2.410459480245205555e+02,2.519912776715955545e+02,2.790468112219646741e+02,2.878625593581880366e+02,2.903224761635468667e+02,2.868730877723140793e+02,2.864828581674969996e+02,2.946545512392308410e+02,3.024642021211701604e+02,2.839138953539463728e+02,2.767975913496122189e+02,2.888931626425120953e+02,2.902376878927069015e+02,2.842935385473271026e+02,2.832842720522793343e+02,2.948738073372865642e+02,2.842787289434372155e+02,2.775169339771662749e+02,2.745608964754014778e+02,2.846568176973361233e+02,2.941778594187269960e+02,2.885655319005712727e+02,2.718299303071855206e+02,2.670341782011242344e+02,2.697478383775936663e+02,2.768368339473049673e+02,2.908125801756424380e+02,2.889557449267836660e+02,2.875403420101631013e+02,2.775544612163323563e+02,2.799680177153563818e+02,2.794972181401668649e+02,2.761550045469970769e+02,2.726461531167888666e+02,2.614614991973891733e+02,2.561340810360828755e+02,2.455886484688680582e+02,2.476512403638876947e+02,2.672661340803753660e+02
2.861551673876907671e+02,2.939700406350958133e+02,3.127079930312397096e+02,3.299013958418208290e+02,3.370972532412930036e+02,3.269826866879638487e+02,3.332894121201088637e+02,3.385337656799163142e+02,3.271575819503271987e+02,3.095891199164389036e+02,2.991134095182128476e+02,3.036061432652880399e+02,3.117944518322262866e+02,3.216802396868155824e+02,3.283321466575086447e+02,3.278759335868843436e+02,2.864080945138989023e+02,2.406969067257946620e+02,2.317972026180151772e+02,2.544811058720086407e+02,2.728542358214079968e+02,2.651240002451706346e+02,2.592842464492342174e+02,2.426163256031917967e+02,2.433724757005374499e+02,2.491384002623099150e+02,2.580998538234966304e+02,2.755211364430525123e+02,2.950481863851385924e+02,3.104155806732709380e+02,3.084746476189876034e+02,2.864000360216725767e+02,2.704059131425401006e+02,2.802796780508323309e+02,3.132284572208221221e+02,3.079193763946552735e+02,3.003375470081108460e+02,3.061300295806136660e+02,2.916540913127730619e+02,2.913297868090575662e+02,2.888847879731685566e+02,2.908304465967179908e+02,2.978627797495971095e+02,2.971448863342840809e+02,2.986709421718508111e+02,3.024287065089157522e+02,3.018066716046222950e+02,2.946843729309100581e+02,2.993251463037813664e+02,2.955238222885778896e+02,2.989854318737884569e+02,3.130267656237558640e+02,3.079626008843579257e+02,3.052449220531032097e+02,3.129670894802550833e+02,3.201903150029445442e+02,3.133006265449039347e+02,2.949893716663396503e+02,2.784747866680848460e+02,2.772534338216699439e+02,2.816662117280657753e+02,2.922110347490958020e+02,2.889418349021491395e+02,2.720981758728179898e+02,2.656393194105322664e+02,2.765292998702501563e+02,2.723725937252868334e+02,2.873289854158022081e+02,2.978278298446615509e+02,3.045026135162776768e+02,2.988339132733037218e+02,2.790467043748608944e+02,2.789189876869270392e+02,2.949405659688863466e+02,3.093187678696708076e+02,3.150550182817743803e+02,3.135154032688005827e+02,3.130960469129474291e+02,3.037456525912053280e+02,2.975572651316722386e+02,3.013709462028850226e+02,3.150663770877982301e+02,3.209684385359995531e+02,3.195912546863690977e+02,3.249989118204352962e+02,3.415635108377437064e+02,3.318849517116297534e+02,3.320693865970229126e+02,3.335722883102367291e+02,3.364125518963027162e+02,3.402889437100899954e+02,3.425557303312774593e+02,3.458733852746998991e+02,3.512242817520391895e+02,3.489288269592769893e+02,3.361067580293776587e+02,3.355440191895614817e+02,3.432594885809759262e+02,3.197860220115920811e+02,3.198146257907170593e+02,3.343674633847430187e+02,3.275997077700640716e+02,3.273165609436866816e+02,3.224215724523716062e+02,3.241617282824379345e+02,3.306715693399939937e+02,3.242659645625603844e+02,3.196591815232873728e+02,3.111090682981819100e+02,3.187872471795157026e+02,3.290588892022802270e+02,3.060191289043802954e+02,2.902476982493275273e+02,2.949975506371329175e+02,2.792089615244087213e+02,2.788254221486692472e+02,2.978930512849245815e+02,3.029992602434392666e+02,3.007472556572602116e+02,2.971120037550597317e+02,2.891222042024541565e+02,2.861717900389220972e+02,2.871048111579834767e+02,2.813995273544280735e+02,2.743664924025040932e+02,2.835517563879256500e+02,2.699989403358899267e+02,2.692782003266189577e+02,2.803160659441550706e+02,2.713891285764886447e+02,2.689650275515346038e+02,2.509626362302892062e+02,2.254120716498484853e+02,2.267836480036044975e+02,2.343649659848022395e+02,2.356961177579946423e+02,2.392935366984052052e+02,2.468710370381922701e+02,2.529644439836729077e+02,2.385783429397340569e+02,2.202324608264714811e+02,2.167352687094890484e+02,2.214542421695718417e+02,2.239767384659816116e+02,2.263050231560179952e+02,2.296787132314661335e+02,2.324154721816836400e+02,2.469102221980461991e+02,2.578438290869642060e+02,2.717724440285732612e+02,3.008958052064072035e+02,2.924170715088744146e+02,2.868898715549535723e+02,2.956495137976591536e+02,2.944698575992366045e+02,3.005497934726197968e+02,3.035246999814603441e+02,2.987385877989400456e+02,3.127636585639414193e+02,3.120622525053030927e+02,3.167536648468094427e+02,3.328932943092278265e+02,3.198973358336475030e+02,3.214774662189703918e+02,3.291851992399402320e+02,3.259363765036580958e+02,3.219662865890309718e+02,2.925485244180914606e+02,2.846436810427101705e+02,2.991752398726338811e+02,3.081216709857549176e+02,2.951415793586580207e+02,2.910580672820966015e+02,3.014857539230090993e+02,3.087304610481604641e+02,3.137479149431308088e+02,2.922190538457047637e+02,2.948479835618345533e+02,2.994758024236537608e+02,2.994122576690893425e+02,3.036755926381810013e+02,2.947143064538659587e+02,2.718237315381775261e+02,2.632974662562990602e+02,2.770918078316203719e+02,3.004528693258373551e+02,3.020332390460228567e+02,2.990511351991975175e+02,3.105472105565162906e+02,3.090079800304494597e+02,2.878694630490396094e+02,2.864357999665979833e+02,2.993347005105002836e+02,3.050597287443534356e+02,3.060107823675876375e+02,3.039751991775481770e+02,3.038323644549618052e+02,3.028018165954048300e+02,3.085502964000621091e+02,3.023421565420318302e+02,2.922086477175793107e+02,2.895626654908428463e+02,3.018561716482976749e+02,3.140623465621580408e+02,3.236682683891801275e+02,3.190400911752967659e+02,3.083804227080816531e+02,3.011342524106771066e+02,3.013644976206807087e+02,2.964563651989681716e+02,2.901607922817706253e+02,2.887917037322157512e+02,2.963623234801243598e+02,2.973904005763309897e+02,2.979255270734584542e+02,2.953188143027555270e+02
2.692049127370823385e+02,2.705931357204692631e+02,2.839773100006122490e+02,3.054151089785415252e+02,3.097118969049663519e+02,3.114179673491898939e+02,3.253169262409685984e+02,3.256729480222406323e+02,3.227907113824359158e+02,3.030635653863070047e+02,2.912485531058205197e+02,2.848267214654648569e+02,3.048125380870993126e+02,3.145778228475138576e+02,3.201731378075274961e+02,3.233734643913963964e+02,2.965093993572648969e+02,2.644765257823108300e+02,2.532941370192142188e+02,2.544793388163710688e+02,2.538322083040699226e+02,2.496729797672018663e+02,2.497914712283461256e+02,2.463415670798489998e+02,2.477891976172269324e+02,2.550443299120419169e+02,2.646688064244324892e+02,2.734582915484217551e+02,2.880451142354286844e+02,2.871266695892221037e+02,2.871513003615651201e+02,2.892297019248171637e+02,2.935612720985558326e+02,2.942485073564020581e+02,2.953574280776870182e+02,2.893854293010143692e+02,2.751130740308645386e+02,2.722195141875881177e+02,2.759589994295182578e+02,2.741428378085813051e+02,2.751441701128338195e+02,2.782001749402618884e+02,2.826676822476563302e+02,2.728445292884524065e+02,2.846569405264932016e+02,2.950191026359198077e+02,2.950955552455034194e+02,2.848685536541065630e+02,2.851622139176293445e+02,2.874788308890599069e+02,2.935036632970008554e+02,3.008566973885307902e+02,3.014750877726336284e+02,3.074629240743371952e+02,3.101039949603133437e+02,3.120905318076823391e+02,3.060512939163505735e+02,2.930522827810408444e+02,2.791514483115585108e+02,2.742727010713455229e+02,2.761134136756818407e+02,2.795755401461798328e+02,2.743892636804903873e+02,2.645264280760220572e+02,2.644080016603651870e+02,2.769953923732743988e+02,2.728666500255826008e+02,2.874287337788674108e+02,2.941694330796299255e+02,2.996170430068010546e+02,2.846431479308284906e+02,2.736721110536950050e+02,2.764334814819453641e+02,2.891272238425291334e+02,2.991355578713581735e+02,2.997956873622655962e+02,2.986151056753224680e+02,2.877270898969816244e+02,2.917299402482702817e+02,2.968404525075713991e+02,2.870129678792616232e+02,2.933891404227437079e+02,3.090619003069018618e+02,3.018616392225698064e+02,3.032051973441940618e+02,3.167315517576561774e+02,3.250842386564879121e+02,3.295059006507610775e+02,3.251464933097384460e+02,3.248014910764082401e+02,3.317915516243954812e+02,3.489104392060228861e+02,3.483599791172973710e+02,3.499987682985224069e+02,3.502073455059222624e+02,3.405066681363192629e+02,3.374941310752457184e+02,3.408975199281614437e+02,3.152924756384878719e+02,3.154399602405460996e+02,3.171210729216175537e+02,3.063770066361932436e+02,3.079380484898477448e+02,3.099124356074358957e+02,3.088076443434788985e+02,3.176395234472638549e+02,3.229489057826840508e+02,3.153954701731242380e+02,3.079817334095040451e+02,2.962692891089280920e+02,2.738908140356593321e+02,2.577739475961790276e+02,2.537653873224186611e+02,2.697083865234160385e+02,2.646247150368661778e+02,2.588881030367807057e+02,2.535444717786070328e+02,2.531677353059482130e+02,2.625550152353664544e+02,2.584308799855842835e+02,2.574459537692612230e+02,2.511416544838641585e+02,2.388518560050071642e+02,2.419079108475035014e+02,2.477213723927620777e+02,2.633592975065969313e+02,2.464744572988255129e+02,2.427519379338794749e+02,2.609169104342990408e+02,2.747421267543803651e+02,2.854107068316462232e+02,2.854513216534884350e+02,2.821030806491390877e+02,2.871030768994106666e+02,3.003481040136678644e+02,2.984772830882977246e+02,2.749464376471544256e+02,2.615179607228064924e+02,2.662880645076413657e+02,2.639188285341669484e+02,2.672961383812000236e+02,2.989827549995253548e+02,2.967766169784661656e+02,2.926609239981346491e+02,2.921458766491074357e+02,2.704676559656287509e+02,2.657641857192232919e+02,2.863495618756306271e+02,3.130437501541400707e+02,3.172142201922535492e+02,3.212876963056606883e+02,3.033070946106835777e+02,2.926321485537426952e+02,3.054152083542783771e+02,3.084516711291418005e+02,3.166108332490159682e+02,3.218032626455994318e+02,3.158794704123295674e+02,3.206860825911991810e+02,3.300394571352140360e+02,3.335442614277015991e+02,3.311656194572108802e+02,3.140635051259248485e+02,3.197849258928443987e+02,3.231470542280517861e+02,3.195805400545279440e+02,3.216118526701669111e+02,2.953193423565227249e+02,2.866818655944346119e+02,3.029197925396362052e+02,3.077654792122160075e+02,2.850270146071506474e+02,2.739606585404436601e+02,2.849026936209163523e+02,3.026089873731153830e+02,3.038234771371386955e+02,2.995469536074697317e+02,2.957978339499492222e+02,2.968082622801142634e+02,3.106101842013453620e+02,3.120276420148523471e+02,2.847723141539581775e+02,2.568065180057259340e+02,2.489037702405441905e+02,2.657642924919654206e+02,2.979321364578537441e+02,2.909154474523194267e+02,2.864653417905447554e+02,2.981146126249115582e+02,3.044204980777831224e+02,2.933207065773417526e+02,2.884192448754393467e+02,2.972079173383634725e+02,3.153890137754040666e+02,3.113804702012090502e+02,2.908377023853236665e+02,2.939230211998794857e+02,2.971194290899080102e+02,3.098068453815584462e+02,3.142582322485370696e+02,3.076046134276500084e+02,3.063488993293666454e+02,3.173171056154536700e+02,3.264277525708133680e+02,3.244827922519394292e+02,3.164193230641281502e+02,3.034087756598513010e+02,2.960852139992160801e+02,3.111141442807825683e+02,3.170538047715383527e+02,3.030364569041284994e+02,2.934329442227086702e+02,2.956571223828532879e+02,3.084687321825429080e+02,3.194067339112555146e+02,2.988006801681279967e+02
2.577206261394744615e+02,2.499571616444732740e+02,2.589705143378835146e+02,2.975576119463134432e+02,3.075266062039515873e+02,3.138492525098081956e+02,3.184249694821918979e+02,3.154944918881664080e+02,3.020528983996587158e+02,2.815298928765474216e+02,2.705146931281138905e+02,2.622916908036242489e+02,2.864299514094358301e+02,3.090959758477930563e+02,3.109326558021675169e+02,3.226206499054229084e+02,3.141581791054226187e+02,3.005593908828688541e+02,2.790878001225649427e+02,2.591670115798468714e+02,2.587353690569219680e+02,2.545334153200074638e+02,2.494948630995621670e+02,2.565058201307348327e+02,2.704395430347433944e+02,2.883521842742487138e+02,2.948646746614158474e+02,3.007594542488211005e+02,3.097035422517561187e+02,3.103078721914677089e+02,3.061578929915035019e+02,3.106000400585683110e+02,3.133572501963701029e+02,3.109494349785682061e+02,3.097572720654844147e+02,3.014755264417800049e+02,2.944224547188585461e+02,2.959162960652188303e+02,3.059875236107102410e+02,3.070602167219086027e+02,3.029450341658918546e+02,2.986466403803692629e+02,3.044379479233593884e+02,3.144428527097680330e+02,3.124730503578785488e+02,3.056736809754266346e+02,3.192079110031331197e+02,3.194845756375086694e+02,3.171525171381625228e+02,3.298524335978951285e+02,3.294776872430589947e+02,3.266691675672934707e+02,3.261371877261456120e+02,3.289352166433584443e+02,3.366842394130034108e+02,3.336533548416751955e+02,2.933366933681085698e+02,2.626666345845722503e+02,2.597237207740570852e+02,2.681209107108178387e+02,2.748073918433154290e+02,2.763860988540518520e+02,2.849575218615032668e+02,2.853139149638299159e+02,2.926463402844008215e+02,3.070771858247200043e+02,3.085781705277355513e+02,3.117244704892426057e+02,3.090040332582177598e+02,3.131699133043507004e+02,3.079511048134448288e+02,3.115352104718544979e+02,3.250636551752531318e+02,3.331453113305510101e+02,3.318118029676858214e+02,3.251807986037958358e+02,3.317795831954847472e+02,3.269658553724476064e+02,3.174555400017762850e+02,3.093486156563446912e+02,3.117566962322800919e+02,3.239763935959218202e+02,3.358518471847145861e+02,3.389262848931209646e+02,3.394971216514371122e+02,3.330197667558524017e+02,3.366811170000158882e+02,3.383818632182439501e+02,3.325295758662524577e+02,3.322166004432045838e+02,3.418002821963892188e+02,3.504791152254091458e+02,3.462512315406293055e+02,3.538480894711207156e+02,3.600000000000000000e+02,3.458732766100182516e+02,3.421854233448169111e+02,3.599180964633935105e+02,3.462597225022852854e+02,3.377468927792701834e+02,3.302847871368595065e+02,3.227633548893491593e+02,3.253433279328685330e+02,3.364643847228719551e+02,3.334432904798431423e+02,3.313197982911995041e+02,3.423769826525079338e+02,3.335437825798927065e+02,3.180382835183260681e+02,3.054205819654990819e+02,2.935048430525150138e+02,2.968069146194904988e+02,2.993117609192842679e+02,3.021559301565349074e+02,2.946752853634793041e+02,2.872173362482472498e+02,2.779152679198028295e+02,2.845465531631147655e+02,3.056056709044457307e+02,2.966574973295400355e+02,2.873971904986067898e+02,2.824437444062871236e+02,2.688346084235406011e+02,2.758788154296559014e+02,2.922242563241086941e+02,3.032390831702902005e+02,2.814166133535260883e+02,2.749411331259744884e+02,2.874392436282935819e+02,3.040607360470157232e+02,3.183440382224271161e+02,3.108198071785969319e+02,3.157582854401367740e+02,3.262862637223157662e+02,3.218540108843412213e+02,3.192795121905151063e+02,3.210968344519912421e+02,3.189742048275706452e+02,3.166086840068282982e+02,3.155152956381180616e+02,3.155698894604569773e+02,3.224894992841812495e+02,3.212561884382843118e+02,3.241065174026763316e+02,3.253492559688978076e+02,3.306949276561753663e+02,3.269790754628290301e+02,3.096106891280409741e+02,3.068855435162352592e+02,3.159495975182076677e+02,3.030265773188291405e+02,2.874954889117153698e+02,2.848037472244209312e+02,2.936555724214059069e+02,3.071480507260366153e+02,3.073732035669870584e+02,3.080017265783497464e+02,3.181439415330868883e+02,3.189118874414291440e+02,3.167403845464540382e+02,3.276273268277017223e+02,3.280246063237626117e+02,3.168165625137767165e+02,3.186316977040730194e+02,3.310410817725104380e+02,3.367766622370689333e+02,3.192872154488995875e+02,2.931916561882726455e+02,2.908220177614732052e+02,3.078308526154746119e+02,3.157109761147130484e+02,2.955141735729336574e+02,2.889244316807462951e+02,2.882705048717967884e+02,3.094884174436768376e+02,3.109739801844075942e+02,3.063216640207007231e+02,3.047153312987836671e+02,3.060810802490427704e+02,3.095133527870307262e+02,3.134276170811264706e+02,3.188314193264789083e+02,3.203061740723949811e+02,3.174122628951960223e+02,3.084267908216454543e+02,3.130361075905917687e+02,2.952937462304859650e+02,2.892117939395458279e+02,3.003130048298966130e+02,3.100886595255666407e+02,3.048419978111593878e+02,3.002429861561026314e+02,3.029939505877721899e+02,3.106021813601945496e+02,3.226566349445168385e+02,3.063750797987166834e+02,3.055032301514328879e+02,3.184284918272794584e+02,3.281306796847964620e+02,3.210511120291517386e+02,3.199984383378669577e+02,3.327647846401961260e+02,3.296668659600617275e+02,3.254100697308515464e+02,3.164006110657317095e+02,3.217294209074256628e+02,3.269676533192353531e+02,3.324544020652143672e+02,3.269801464829179736e+02,3.161696835811674191e+02,3.276904301843864573e+02,3.214282522167300726e+02,3.039848897463260755e+02,3.107517640477149143e+02,3.288886280985539656e+02,3.206062946870667361e+02
2.970069260864763123e+02,2.885307059688651066e+02,2.972300578917369194e+02,3.313062900197754175e+02,3.413540960434318663e+02,3.298644138861219517e+02,3.270133123857387432e+02,3.301353835336086604e+02,3.182401609648172780e+02,3.052661501621012690e+02,3.030403212767500349e+02,3.086429900900461121e+02,3.256199465027791575e+02,3.245783655434103707e+02,3.213935756945164712e+02,3.355863132884644529e+02,3.193137782134215286e+02,2.973332243757029687e+02,2.848842289175355518e+02,2.810829725134499313e+02,2.848544939129434965e+02,2.776207445473919506e+02,2.690842460441579647e+02,2.792620986710984994e+02,2.857011105000024145e+02,2.858381759761118133e+02,2.885838380187426537e+02,2.959556170416223608e+02,2.884331681504766038e+02,2.902483659225175643e+02,2.914082958396705862e+02,2.984129562702925114e+02,3.049316302771818528e+02,3.039587136670908762e+02,2.953107929732096864e+02,2.879004561797793826e+02,2.839368420324487943e+02,2.841207250989448880e+02,2.983141440574619310e+02,3.135753955961485531e+02,2.934006055260171593e+02,2.929570976632866177e+02,2.950877832186525325e+02,2.908968205157023021e+02,2.835500160859689913e+02,2.912099552134532132e+02,2.853815149284560562e+02,2.708423031318874337e+02,2.894153900737142067e+02,3.104691908879710809e+02,3.102777492346485246e+02,3.195667045559453641e+02,3.176206632024940859e+02,3.136728395130220974e+02,3.191226775138303537e+02,3.268735304702001372e+02,3.114116290735508414e+02,2.911840587211261209e+02,2.891513406694049308e+02,2.934258435295883487e+02,2.954141621949177647e+02,3.047173966161755061e+02,3.083989646479645330e+02,3.023968197990984663e+02,2.889529477942468816e+02,2.758956809286374892e+02,2.894397663485855787e+02,2.975759517287543758e+02,3.148917037017035909e+02,3.248950619298332754e+02,3.182349130929305261e+02,3.056998713561448540e+02,2.930758988206009121e+02,3.015995147949677744e+02,3.012347227518250747e+02,3.072735726087580019e+02,3.154103227208573230e+02,3.205966505197250171e+02,3.178445842236525323e+02,3.201474299726664867e+02,3.182925014463345974e+02,3.188578186237551790e+02,3.303444608895403576e+02,3.317124050356184171e+02,3.279983483757779368e+02,3.335980787818267572e+02,3.457436644768976066e+02,3.420258387283351453e+02,3.403591883451864533e+02,3.369425817300567019e+02,3.393624725880748656e+02,3.527845887343309528e+02,3.528930211686272287e+02,3.438438526097327212e+02,3.502628210536553865e+02,3.441382387930518121e+02,3.439957116883551294e+02,3.485089672867393915e+02,3.316513764983690180e+02,3.362490535009240489e+02,3.462126395315532932e+02,3.242434999244725873e+02,3.143660305192384499e+02,3.276186736940139212e+02,3.416034237237038838e+02,3.364226625228010334e+02,3.352292678608313281e+02,3.305589736911725254e+02,3.274985665445491350e+02,3.312824741723732700e+02,3.396439125416684419e+02,3.389742973241131381e+02,3.358955630979129978e+02,3.336389109182485413e+02,3.317149024439972322e+02,3.286869837554086757e+02,3.397514239825844129e+02,3.479468730140434332e+02,3.363706715629342625e+02,3.246368972443970620e+02,3.245218511313199201e+02,3.263772690358894693e+02,3.243987232227208892e+02,3.257723597493984471e+02,3.255536679988540527e+02,3.240217451025659443e+02,3.182358335946873353e+02,3.250034120503085546e+02,3.272717132654909165e+02,3.294764642649965936e+02,3.301638377770365196e+02,3.302915320872552911e+02,3.304200645979732371e+02,3.283440692605313984e+02,3.141272443294141681e+02,3.063742373717976761e+02,3.194717809854774373e+02,3.279282232807984201e+02,3.252445889205701519e+02,3.190429155702447588e+02,3.173959220786508695e+02,3.221103019521664237e+02,3.183531108752267187e+02,3.222214798225731442e+02,3.316686971538238708e+02,3.320435068247039681e+02,3.225407009792209578e+02,3.090964016907823293e+02,2.898331159333159235e+02,2.854334722245012586e+02,2.716640397805589373e+02,2.523234788605370227e+02,2.555817051954010708e+02,2.851840119506434803e+02,2.905678127618868984e+02,2.817872789115880323e+02,2.712925140829736961e+02,2.750110143745131381e+02,2.860400422981063002e+02,2.846119030260871341e+02,2.832146836772882352e+02,2.755703214177828499e+02,2.844727684341712006e+02,2.980261109571895304e+02,3.096887615502825497e+02,3.191627011626684407e+02,3.125596539340945128e+02,3.007587150943363667e+02,3.023155005403496034e+02,3.025352304140195088e+02,3.073933137503304351e+02,2.983907830591144261e+02,2.875174588370967399e+02,2.868498086237187863e+02,2.984750131916078999e+02,3.207669920840274926e+02,3.195068199014640413e+02,3.054286464470500277e+02,3.023588316134770366e+02,3.064683276869053543e+02,3.098613790424911940e+02,3.044918925428518151e+02,3.056508721231473942e+02,3.048014833393006029e+02,3.108301788611367442e+02,3.091996368875857115e+02,2.990817797035290369e+02,3.014917369505751026e+02,2.981033779901242724e+02,3.082094462452587322e+02,3.084060429376532966e+02,3.058242716130507119e+02,3.088511834857191047e+02,3.060090810193846096e+02,3.095655520567171379e+02,3.042700361865796594e+02,3.097784147637260048e+02,3.204528542118255245e+02,3.171004637216701099e+02,3.181603732784613499e+02,3.194420098956189804e+02,3.201046717001992761e+02,3.158899582526043446e+02,3.057745384168368901e+02,3.068946998884340474e+02,3.154910392880217387e+02,3.196120484736331946e+02,3.205921768289184683e+02,3.155081554330379845e+02,2.947897237359548512e+02,2.845721815087821938e+02,2.730036278748941641e+02,2.790178980092610459e+02,3.046465141377209420e+02,3.138631411872598278e+02,3.087980505275686482e+02
2.872028470758366439e+02,2.925409657646210917e+02,3.028534205911887511e+02,3.190832182402003241e+02,3.415073493033552268e+02,3.463794067330088637e+02,3.493507432608586214e+02,3.345231174441966573e+02,3.202388550652536310e+02,3.115494047482957285e+02,2.946765915768028208e+02,3.019993000366497995e+02,3.255949804218840882e+02,3.339106444738477535e+02,3.294547679463842655e+02,3.307104780254235834e+02,3.042630541850553527e+02,2.866377251100025774e+02,2.782082356317848166e+02,2.663665258364144961e+02,2.643410773658739572e+02,2.549646495790755125e+02,2.593349355671017520e+02,2.802110729274417622e+02,2.829758703998919032e+02,2.758181335327452643e+02,2.744650629022443695e+02,2.702458137251868493e+02,2.708301915488539748e+02,2.792174831781638318e+02,2.805325237536995928e+02,2.901450893756527876e+02,3.015407155479785501e+02,3.023793070669956933e+02,2.873258916404798811e+02,2.868021185631849903e+02,2.853420059214324738e+02,2.739385738321222448e+02,2.789580528072111747e+02,2.826186076387124899e+02,2.744553464412803692e+02,2.641433763988568444e+02,2.749952014726944753e+02,2.813360628295251900e+02,2.787500133347036240e+02,2.856567044893320144e+02,2.796241839972083767e+02,2.692509359500710389e+02,2.878714037415889493e+02,3.061143463930156940e+02,3.024679119435526786e+02,3.097840391461152194e+02,3.237461608741450050e+02,3.209858416990023784e+02,3.221321216548120674e+02,3.273314506359936331e+02,3.287611666354661679e+02,2.901289169886915147e+02,2.771060982959519379e+02,2.929895988399819657e+02,2.908297791807752333e+02,2.894429170365903587e+02,2.925461971834636756e+02,2.880453530532965942e+02,2.843623515222731726e+02,2.724820966598846326e+02,2.847648575323851787e+02,2.917199987103878129e+02,2.920195773347153931e+02,2.892256125705332011e+02,2.843520793764464543e+02,2.786215466283835553e+02,2.867939751291841048e+02,2.998534313346476665e+02,2.998388295748002292e+02,3.115008770390535346e+02,3.098709643996025989e+02,2.983726567994899028e+02,2.904481466696652774e+02,2.947282354052121036e+02,3.124294978890654306e+02,3.078105063416928147e+02,3.170824880830471670e+02,3.149440750675758522e+02,3.031785357298177814e+02,3.176471433221315124e+02,3.282791151147148412e+02,3.283471703318369350e+02,3.325047455864026347e+02,3.388192086715955043e+02,3.449558634237432670e+02,3.431160683206756516e+02,3.481273232039504819e+02,3.462092929913489456e+02,3.461633896916445110e+02,3.409914400518938464e+02,3.398870395568945355e+02,3.444362753733016689e+02,3.287731827031144576e+02,3.239138400208899498e+02,3.287602897124506285e+02,3.293960419459362470e+02,3.244734639517509436e+02,3.248170873745895051e+02,3.214967039685940335e+02,3.138298794759159023e+02,3.219162020235913815e+02,3.275579971850076504e+02,3.199327946452538072e+02,3.195058265970730531e+02,3.314422415402858064e+02,3.389482803821654215e+02,3.320820584305196235e+02,3.361549166846287449e+02,3.357044827458631175e+02,3.381053795229662455e+02,3.427960769452173508e+02,3.456640784741380799e+02,3.375770037990108676e+02,3.289393024423062570e+02,3.365207319970084541e+02,3.319326628994347743e+02,3.295975389784055096e+02,3.377011770410617260e+02,3.312309240369350505e+02,3.322621891453969738e+02,3.327734256728167566e+02,3.386212915000114663e+02,3.373992205671042939e+02,3.303527155641374407e+02,3.178706179974452084e+02,3.067997671018749770e+02,2.878432206328118923e+02,2.927043830945739273e+02,3.094685674888833660e+02,3.053587994247682218e+02,3.096222411995541393e+02,3.232640075947315381e+02,3.162647992839454787e+02,2.937172650658843622e+02,2.812237979957574225e+02,2.837403386937625100e+02,2.936620024687020987e+02,2.956469128215708793e+02,3.121104699482400520e+02,3.262329501627633590e+02,3.172732915949952144e+02,3.033573792602977619e+02,3.132901130238375345e+02,3.186521196556935820e+02,3.090666947032848952e+02,3.014174282879323528e+02,3.080879502937951884e+02,3.202772859197494881e+02,3.040103731480853639e+02,2.997082510594642599e+02,3.126133338602786580e+02,3.041986898517566829e+02,3.047837176338020413e+02,3.102430252707061413e+02,3.055204524985654189e+02,2.994468939729958379e+02,3.027494121294407705e+02,3.111219123267829900e+02,3.228627307817630481e+02,3.327047730446802234e+02,3.194111251352534850e+02,2.996910615610446484e+02,2.869028945738970720e+02,2.899895743088300719e+02,3.038393744724143062e+02,2.913686553344385857e+02,2.769472247543627077e+02,2.828572116091231123e+02,2.986570103390363329e+02,3.172763980744393848e+02,2.958149493649729038e+02,2.885885443431016597e+02,2.769245664912318716e+02,2.612205090745158031e+02,2.721320808726001701e+02,2.979799092306690795e+02,2.939574705990224857e+02,2.897729173887488514e+02,3.017877391083774228e+02,3.073516081241562574e+02,2.938140285219781163e+02,2.846206987246449103e+02,2.870645526625145862e+02,2.934996453592340799e+02,2.885252804305566201e+02,2.861855742881491551e+02,2.771540718412808246e+02,2.768994958182024106e+02,2.849390083268854141e+02,2.925818540816780455e+02,2.971492448341592194e+02,2.897277581277813852e+02,2.868243395340266488e+02,2.827479233090352864e+02,2.890996899787686516e+02,2.987055405604445468e+02,2.957118778156288954e+02,3.048932856684525063e+02,3.027225675692201321e+02,2.861649738885994338e+02,2.686263794592588852e+02,2.535638056176815098e+02,2.592859974376353307e+02,2.598807950680019871e+02,2.598713031676321634e+02,2.557666551746809205e+02,2.496863084336437169e+02,2.586874315729665454e+02,2.646355749462465496e+02,2.562947615722818000e+02
2.560774485399502964e+02,2.609785917133063435e+02,2.803596930138149332e+02,3.101225122838008019e+02,3.254768324174916643e+02,3.287652588946551759e+02,3.395545050546781454e+02,3.357829412518037202e+02,3.015093515908633890e+02,2.895142974318547999e+02,2.816224299736916805e+02,2.893630208925304714e+02,3.075207135273490735e+02,3.152281625337325295e+02,3.148415551249943292e+02,3.206946496050730957e+02,3.148380458734445710e+02,3.044665437515191115e+02,2.793017848023347369e+02,2.575316702463034062e+02,2.602252491533286047e+02,2.537612376620178338e+02,2.675011511241510220e+02,2.914825008077164057e+02,2.917385515790519435e+02,2.942619530584536278e+02,2.956642039884020505e+02,2.977615409339223902e+02,3.040277281438101227e+02,3.054543011037777092e+02,3.003326039260904281e+02,3.023813425881510284e+02,3.151508336850243950e+02,3.057348308637740502e+02,2.947982708808823418e+02,2.919390262534336102e+02,2.920303692423287885e+02,2.860966442598686399e+02,2.903551361369924280e+02,2.937869498838905997e+02,2.908629812382636715e+02,2.834772852126406519e+02,2.927146293126111232e+02,3.098922525687304415e+02,3.125192517882321113e+02,3.085941031367957521e+02,3.046665170473482931e+02,3.211781962551426091e+02,3.244559843482613815e+02,3.295635008100670120e+02,3.214585663651057530e+02,3.196375025575854352e+02,3.207302890929628916e+02,3.158471373349041187e+02,3.142196269248579483e+02,3.153663858499930939e+02,3.217813088235840269e+02,2.853020162389240113e+02,2.658870109516972207e+02,2.749394131265718215e+02,2.856785600157757017e+02,2.859729597028340322e+02,2.948701261236627147e+02,3.024040454164015728e+02,3.178176316288906378e+02,3.284873859672168237e+02,3.188463332281166345e+02,3.135501986197480164e+02,3.186762912149574163e+02,3.231417142281278529e+02,3.097495927609624005e+02,3.113593097495084407e+02,3.212905957139228121e+02,3.345305520906431411e+02,3.344017528890561266e+02,3.243701336688159245e+02,3.315957865860459037e+02,3.283303911743411732e+02,3.230215763707159340e+02,3.270337315019630751e+02,3.305148580386364188e+02,3.303177884970853597e+02,3.337664846495501934e+02,3.276992319178326625e+02,3.246169072195770013e+02,3.285960071765382509e+02,3.416832337305021383e+02,3.344342973966952854e+02,3.375393160173878755e+02,3.511004461285639309e+02,3.439125406813939207e+02,3.498062028903531200e+02,3.534021088998511004e+02,3.544343495049091644e+02,3.512653658766991498e+02,3.514789560123201113e+02,3.495644571774369069e+02,3.535320764530300721e+02,3.501069355845816062e+02,3.486298822544717950e+02,3.430860579450076671e+02,3.486385046590997945e+02,3.454454687351159805e+02,3.400483790480873267e+02,3.260836658193030075e+02,3.272332166457129574e+02,3.339539798559290489e+02,3.340960738140414037e+02,3.306999959535080507e+02,3.372946878132378856e+02,3.371346466770049233e+02,3.463112579065631849e+02,3.515879288470273991e+02,3.438698246520303314e+02,3.441214208774892995e+02,3.474572429477493642e+02,3.418450756580299412e+02,3.385887201835775500e+02,3.367639593617462879e+02,3.307003508791630111e+02,3.283527433164241529e+02,3.266504790331168806e+02,3.278073138327372362e+02,3.271576183209332385e+02,3.321928986087426665e+02,3.349086051327506084e+02,3.320592261689739075e+02,3.133168173025939609e+02,2.754087221137807546e+02,2.662449422398723868e+02,2.692600822346656173e+02,2.460729132374519850e+02,2.394067826759059301e+02,2.463313225596168650e+02,2.485226607341647309e+02,2.548812374132222658e+02,2.547037584943949753e+02,2.516467601217423180e+02,2.460524529026124014e+02,2.471304277015739217e+02,2.604581852406477083e+02,2.732723095018170625e+02,2.598975255051402655e+02,2.550476183075779772e+02,2.682590429453188108e+02,2.801646904515484948e+02,2.703580484861676609e+02,2.804463439972212768e+02,2.967419355576864177e+02,3.054850466771957258e+02,3.130008397978390349e+02,3.139220674511219613e+02,3.227070492574473519e+02,3.241766739754176001e+02,3.214316001998936940e+02,3.182136413276546136e+02,3.220711988131221233e+02,3.219360371093465574e+02,3.062416144680005914e+02,3.150637922510468343e+02,3.294896949749439159e+02,3.143678474920827739e+02,3.098559364627861896e+02,3.247392879095251033e+02,3.224712288530121214e+02,3.261690857198634035e+02,3.261984198498668093e+02,3.130441228582650979e+02,2.948483299792726484e+02,3.029869352979584960e+02,3.201941434133680673e+02,2.874103107964041328e+02,2.803801205118926987e+02,2.858579853627991838e+02,2.998008361647126208e+02,3.149264429306585953e+02,2.693163163513549421e+02,2.368593078344912328e+02,2.400327179576360663e+02,2.427594747429940867e+02,2.565024955411929000e+02,2.915455210898055611e+02,2.942297037112119824e+02,2.944140144643334907e+02,3.035051548391382994e+02,3.073195974367856707e+02,2.946668365228017592e+02,2.867013280663452406e+02,2.791783067043294864e+02,2.703821344759047065e+02,2.567214331880036298e+02,2.592534826119590434e+02,2.651799222756897620e+02,2.678928043575680249e+02,2.687659034170912946e+02,2.679322849899327821e+02,2.681076797821980904e+02,2.684946617823303541e+02,2.747076788015961029e+02,2.707554246811351959e+02,2.673012085334622157e+02,2.663245648974697701e+02,2.673419853686668262e+02,2.825520093104379953e+02,2.765419965515372951e+02,2.687472363005429656e+02,2.696106085309530727e+02,2.607263374045469959e+02,2.702652208196464585e+02,2.855051322777464975e+02,2.742184830490561467e+02,2.728962961516435826e+02,2.625336636409060134e+02,2.421650197192322764e+02,2.424436749951663899e+02,2.547274528543367751e+02
2.784380044548099704e+02,2.855422520537860578e+02,2.971641847525557978e+02,3.243256143480541596e+02,3.342145165922414094e+02,3.395770543335762568e+02,3.409349064935140063e+02,3.388622895278132887e+02,2.986194333554692548e+02,2.903122712747356218e+02,3.101429235273235463e+02,3.186261548551237297e+02,3.276087584399029993e+02,3.340902652274581897e+02,3.293559489786812264e+02,3.260571409715755635e+02,3.246217978055659614e+02,3.203548169209468597e+02,2.988825377324344004e+02,2.808588432591064361e+02,2.814652499701115858e+02,2.813019288188170322e+02,2.767201846628931321e+02,2.743767278426953453e+02,2.784413544101241200e+02,2.817095623744943396e+02,2.863140029927291721e+02,2.867847184887183971e+02,2.832875983190072020e+02,2.880852191067081662e+02,2.860963229565279562e+02,2.896080707702206496e+02,2.857690939267939711e+02,2.841151654530752921e+02,2.891542442708626481e+02,2.845634156547034195e+02,2.960642432875382610e+02,3.008867308175723565e+02,2.963560953092118666e+02,2.787001239359339024e+02,2.713256466722219784e+02,2.883883338410621491e+02,2.920086453166881029e+02,2.911900690092398918e+02,2.978749587717967984e+02,2.884530349504406104e+02,2.924945980271763233e+02,2.987480164592904543e+02,3.029832150758971352e+02,3.065817683456154441e+02,3.084115514021819990e+02,3.177251767904040776e+02,3.309946462338452875e+02,3.289064954526542692e+02,3.281669245202996308e+02,3.313403287751061725e+02,3.253686011882520006e+02,3.166771323158442897e+02,3.010632469993688574e+02,2.903999884886884502e+02,2.949598997717017141e+02,2.998448227732412761e+02,2.975130359222820289e+02,2.964128589609784399e+02,2.857929965956015508e+02,2.883950700840044874e+02,2.885507877027847599e+02,2.883045080522330750e+02,2.929718237237469793e+02,2.993426181913227424e+02,2.985457658846571576e+02,2.918756443681882047e+02,2.989722922268776983e+02,3.085548808403968337e+02,3.120283186479043138e+02,3.120011267238950836e+02,3.172183017720491307e+02,3.193670503549390673e+02,3.157968841524643722e+02,3.101943898912738291e+02,3.071482048234603894e+02,3.148987079798106379e+02,3.251506256335425746e+02,3.306722700866482683e+02,3.271771801813858929e+02,3.339399373630001833e+02,3.473019660582338020e+02,3.394936735679437447e+02,3.390202497474371626e+02,3.441962264073810047e+02,3.453866687768462498e+02,3.596599750303398082e+02,3.600000000000000000e+02,3.583285209415522559e+02,3.546918836723140771e+02,3.564541228070533521e+02,3.530381841126465474e+02,3.459664501351485342e+02,3.230602286431724224e+02,3.108112272829803260e+02,3.203746062823974512e+02,3.242519680038078036e+02,3.149537364705388995e+02,3.118290905116219847e+02,3.219342851126203868e+02,3.228501908789708637e+02,3.209901279892850994e+02,3.185452064011947755e+02,3.142850501822905471e+02,3.207478419033948853e+02,3.063537352007514301e+02,2.925068727108833286e+02,2.879808074269749341e+02,2.910207458787615451e+02,2.981338344769571904e+02,2.977880931814241876e+02,3.052505443615610830e+02,3.150340334572352958e+02,3.143008081848650477e+02,3.007826223739955935e+02,2.948444323212947893e+02,2.742321821370298949e+02,2.621586526914940691e+02,2.698314679995247616e+02,2.722623957868135562e+02,2.547819966511642065e+02,2.626414112962363561e+02,2.904091271167027912e+02,2.797667516245887782e+02,2.738132085559067832e+02,2.764840339042975188e+02,2.854982058531060147e+02,2.902298145434275511e+02,2.913566029074344215e+02,2.796930916731369621e+02,2.777796359288525423e+02,2.604164247861206150e+02,2.505335965868383141e+02,2.562733810555105833e+02,2.719944606395470146e+02,2.893783163225557473e+02,3.047931029739499422e+02,2.934554177442217338e+02,2.954648013727974103e+02,3.056286996264371396e+02,3.034480504841085349e+02,2.925837623652891466e+02,3.006677070337100304e+02,3.190383466709085951e+02,3.248320257380522662e+02,3.171659808235473292e+02,3.112200532308482366e+02,3.158971146184190388e+02,3.051904039946725220e+02,3.037178250618260904e+02,3.166654660055487511e+02,3.143179551939724092e+02,3.219887434268006245e+02,3.322324473580749782e+02,3.290350422231400103e+02,3.213893099535615079e+02,3.203941810474010481e+02,3.225507712596815395e+02,3.316106488235648726e+02,3.433326482337173502e+02,3.498483848257769182e+02,3.194444262661688185e+02,3.012445305928230823e+02,2.965187571824328074e+02,3.033798139958217917e+02,3.141164876029966990e+02,2.942224218677685030e+02,2.767014467959824060e+02,2.792680663462541020e+02,2.957932234989804101e+02,3.119173746349765679e+02,2.881372497693130299e+02,2.742164823194455039e+02,2.876487944471642209e+02,3.101641076464856610e+02,3.193726629229693685e+02,3.124025823108369195e+02,3.085671635246669098e+02,3.047076611803693709e+02,3.035012740555684445e+02,3.018706668901289731e+02,2.942395785339219287e+02,2.938528391672425641e+02,2.892416852049494764e+02,2.833921930135416005e+02,2.825671553754114029e+02,2.979100020951048577e+02,2.992634812738980941e+02,2.957736200521702585e+02,2.835832754649147773e+02,2.678144575444096063e+02,2.646203397295682294e+02,2.769702880412264108e+02,2.895860903495550929e+02,2.735424398452126979e+02,2.652021397181134716e+02,2.620994798690697962e+02,2.684581402351377051e+02,2.922010945360227083e+02,2.931158071285478286e+02,2.856656508447709939e+02,2.972473207902423837e+02,3.164449071540379919e+02,3.170172514635340804e+02,3.279114326744730761e+02,3.196736291010637956e+02,3.134189402891792611e+02,3.097695087213583065e+02,3.018372895824481361e+02,2.961559741515108612e+02,3.071423675491549261e+02
2.898559101658946133e+02,3.003130485485584700e+02,3.157807635552374563e+02,3.370794119216890294e+02,3.422981520277025993e+02,3.388893493701782518e+02,3.406098659677053320e+02,3.423745338513623437e+02,3.274218080708301386e+02,3.172653424011482457e+02,3.119510334962628235e+02,3.086650491193892094e+02,3.118759028978079755e+02,3.249631300081946392e+02,3.310045028755980070e+02,3.258978028043441668e+02,3.243128515513601542e+02,3.110176122498675113e+02,2.946424279515190392e+02,2.749680060647865503e+02,2.609235901638974156e+02,2.712885666280654959e+02,2.859135738153401007e+02,2.789483785396280950e+02,2.814086486029814296e+02,2.954228259054050909e+02,2.871638210936492328e+02,2.765687451552143443e+02,2.751219423421547958e+02,2.883514312359695282e+02,2.861128910926603908e+02,2.915325080126098669e+02,2.848226968107783250e+02,2.720249655137198488e+02,2.735679403837870041e+02,2.789767044809275944e+02,2.767040855606812215e+02,2.789646493701483223e+02,2.814060590317776587e+02,2.717540625864712638e+02,2.637023162287798073e+02,2.716207928225792898e+02,2.813906866706189476e+02,2.774551145158932854e+02,2.814600463047050312e+02,2.751424678849966767e+02,2.802689144320464152e+02,2.882851538751123144e+02,2.958888275999049711e+02,3.065334293061502535e+02,3.198976110050609805e+02,3.173275307715357485e+02,3.209064273455102239e+02,3.306245143048739124e+02,3.224469306377980615e+02,3.178137354962835275e+02,2.999006592331149363e+02,2.821479437502499650e+02,2.772168354069922884e+02,2.631831466974023783e+02,2.647528156905137280e+02,2.809889520576870723e+02,2.874901308164678539e+02,2.859753005021311196e+02,2.810625760394442523e+02,2.854693176511425463e+02,2.894819685512518390e+02,2.846334725327467936e+02,2.872551675427570785e+02,2.799177126661700754e+02,2.817802916442562946e+02,2.874714416173240465e+02,3.052323217535053459e+02,3.084726996043738723e+02,3.097063016677826681e+02,3.159201359418194102e+02,3.190814150119998658e+02,3.132310336159771964e+02,3.045395199712137924e+02,3.124099518886416149e+02,3.102364469442445625e+02,3.163482922089243630e+02,3.206656216750125168e+02,3.235631300744544205e+02,3.204024059845644956e+02,3.244879903006233235e+02,3.338898517988621393e+02,3.281835068471556269e+02,3.302244659346604863e+02,3.381464505334706132e+02,3.380397995487718390e+02,3.322797296620329917e+02,3.337892196566344296e+02,3.357888747791804462e+02,3.340679840699581291e+02,3.384328994185952411e+02,3.551215619094633666e+02,3.543098875919528155e+02,3.214568877840398500e+02,3.053688810492879497e+02,3.197714673722473435e+02,3.276925720760599461e+02,3.167362199268298468e+02,3.144393257042598862e+02,3.171357919451242537e+02,3.133564358287532059e+02,3.128812022433978086e+02,3.132915077242153075e+02,3.065832512125323888e+02,2.969368496512282718e+02,2.680166016262629682e+02,2.634586063647992660e+02,2.738252761121929666e+02,2.824039103311526446e+02,2.816933947281943347e+02,2.651570262360495462e+02,2.708280436863427667e+02,2.918752542804438690e+02,2.909848798299480563e+02,2.875130719827017174e+02,2.837727722973320397e+02,2.614953335307277484e+02,2.561149671599971498e+02,2.606743731912119983e+02,2.556312129482818136e+02,2.471131462575354476e+02,2.562913848085677273e+02,2.792474191926845606e+02,2.910744813473829140e+02,2.976223486180381315e+02,3.148745493417072225e+02,3.184726652900325803e+02,3.184441771129282301e+02,3.249227199745629946e+02,3.197728157911257654e+02,3.246524653111877683e+02,3.312232436881313902e+02,3.314443867880672769e+02,3.189517475546074365e+02,3.185414210878536778e+02,3.284260382879791109e+02,3.333495883367472175e+02,3.300207519411693511e+02,3.280479580350854576e+02,3.336041566843422288e+02,3.363677902784992853e+02,3.298509726302129366e+02,3.162980741732653769e+02,3.055096785669176711e+02,2.989965297085801126e+02,2.929543811921953989e+02,2.873676288592719175e+02,2.861701544766269762e+02,2.896942033033252528e+02,2.836817580694705043e+02,2.885683313913013990e+02,2.920887901233987805e+02,2.790878342256962128e+02,2.772596875139019517e+02,2.823018831326805866e+02,2.911270253642107377e+02,2.890259673621774823e+02,2.912548017003961718e+02,3.080588736698367711e+02,3.162461680527027852e+02,3.310772832862895712e+02,3.218181590294256011e+02,2.972750329003088723e+02,2.871807922816973360e+02,2.930418773480714663e+02,3.127704029770997636e+02,2.997807658597987484e+02,2.801086125960233062e+02,2.829934368039810693e+02,3.033588251250859003e+02,3.205887884998591062e+02,3.041274258441820848e+02,2.923672392536005304e+02,2.998788337533787853e+02,3.102700920324823528e+02,3.118907462546986267e+02,3.019807533927402119e+02,3.023497799979626279e+02,3.031983841103063924e+02,3.015818403517059778e+02,3.021070429241068496e+02,2.985512469733247940e+02,2.940627589854840380e+02,3.022947115528735367e+02,3.158355387010075219e+02,3.111170736860002535e+02,3.090589476811495615e+02,3.191118495048880845e+02,3.179360291378937973e+02,3.141225059360377259e+02,3.057483478889545836e+02,3.010581380087971866e+02,3.139843747537131549e+02,3.348393190784153717e+02,3.281356684580001684e+02,3.181426748864508340e+02,3.139845173031379204e+02,3.169393204876562891e+02,3.250484106910994342e+02,3.158691050758181973e+02,3.147843816086848392e+02,3.228878654925773617e+02,3.321048778968097963e+02,3.286838813337179204e+02,3.281586062247268387e+02,3.174946066537780780e+02,3.122749400569403520e+02,3.179473213223336643e+02,3.270988438075194722e+02,3.214949100107711502e+02,3.218663268358499181e+02
2.886084408014263545e+02,2.884439931137643498e+02,2.988301623781033527e+02,3.409683112423962825e+02,3.493662586354633959e+02,3.430402469006152160e+02,3.481489421050690680e+02,3.444607222413241630e+02,3.103266378045459533e+02,3.016494642952991398e+02,3.022290534850224617e+02,3.069451709457143238e+02,3.252764169583719536e+02,3.340945142872387805e+02,3.359730828584976052e+02,3.350539029578989698e+02,3.266060729103292601e+02,3.066906616478141245e+02,2.931286509142887553e+02,2.736303567283944176e+02,2.734348933664373362e+02,2.856890381771875695e+02,2.972707651268582367e+02,2.942902733114037233e+02,2.913822849794395893e+02,3.048459048749942326e+02,3.176664259488631501e+02,3.171182100898421368e+02,3.182382450270644654e+02,3.130679422711530719e+02,2.960655758992280653e+02,2.989482902472808519e+02,3.056310326622274260e+02,3.070015580688338446e+02,3.103100179734682342e+02,3.065014981703743615e+02,3.095569404501352437e+02,3.110139293601665145e+02,3.138188279000188459e+02,3.025819097151278925e+02,2.967895292963250995e+02,3.001338679181293401e+02,3.144929006686737694e+02,3.124591720335793639e+02,3.104631656128621557e+02,3.225243226872270270e+02,3.245226896031826982e+02,3.153897480272390226e+02,3.139287090236604172e+02,3.217853337814892143e+02,3.272798495410198143e+02,3.249318992182173247e+02,3.250100735976376427e+02,3.339622823244574192e+02,3.354631581980240753e+02,3.351656988724487860e+02,3.250363489789196478e+02,3.006092856420592057e+02,2.935689570762926337e+02,2.851987732653529974e+02,2.921911334102725277e+02,3.021318602714088115e+02,3.084708431701990889e+02,3.188915928944053917e+02,3.145827521208642565e+02,3.192802081630732118e+02,3.179891460714827645e+02,3.196227585942789347e+02,3.184334889317836428e+02,3.247250536347083880e+02,3.315347984383373614e+02,3.331488906847680482e+02,3.318080805271774238e+02,3.274681209029826618e+02,3.286893972226104097e+02,3.299146382851541830e+02,3.336024719570046386e+02,3.411015800557502189e+02,3.305407874548167229e+02,3.195711743528206625e+02,3.266786604482715575e+02,3.322139235015037571e+02,3.434079546299034860e+02,3.487185947045201715e+02,3.422584005112543082e+02,3.471387059444506349e+02,3.523706583628674025e+02,3.413192685669770299e+02,3.405523116465502653e+02,3.581135267161834008e+02,3.600000000000000000e+02,3.600000000000000000e+02,3.600000000000000000e+02,3.600000000000000000e+02,3.585864653563860429e+02,3.528577316981618992e+02,3.538079405428442215e+02,3.483329000741288723e+02,3.458112443727933965e+02,3.397068730854880414e+02,3.500507376302650755e+02,3.473395086568381203e+02,3.443720872501351664e+02,3.362283632098321959e+02,3.282297257021270980e+02,3.319376673131587836e+02,3.347711597713222318e+02,3.288124879586208635e+02,3.349920629979709474e+02,3.338938092319664293e+02,3.277659795003179397e+02,3.327280947281507792e+02,3.353992969163417115e+02,3.288259080836709813e+02,3.079432089665532430e+02,2.882758071096799313e+02,2.986075212771268639e+02,3.248735125432902464e+02,3.397457875903087370e+02,3.430226447246677139e+02,3.272034688647109988e+02,3.182455416353267879e+02,3.259695796239758465e+02,3.173930020432143237e+02,3.083427074163657267e+02,3.132564784660626742e+02,3.253052387413093243e+02,3.281641509527156586e+02,3.365756797464133570e+02,3.353957008288200541e+02,3.322477189821534580e+02,3.289051516039794478e+02,3.237123022732935169e+02,3.207999877226952208e+02,3.135448923928194631e+02,3.232185993952463150e+02,3.384408655052752692e+02,3.377631344009345185e+02,3.276763700636212207e+02,3.154315056510807267e+02,2.958880692702435908e+02,2.928025617147432058e+02,3.167897248939809742e+02,3.272367040201066857e+02,3.262962993541227092e+02,3.350808412191903471e+02,3.283827632790558937e+02,3.195296980165666128e+02,3.137465231225246498e+02,3.160430847108481203e+02,3.205983373381291130e+02,3.199412703753699816e+02,3.168813098239444344e+02,3.137343506706010885e+02,2.972949609079498714e+02,2.976988410055106442e+02,3.128419296695901153e+02,3.026901377780330904e+02,3.026413744085332382e+02,3.102887027667160851e+02,3.088175964535175808e+02,3.099760103383022738e+02,3.125637064414570432e+02,3.212259160635632043e+02,3.193472671530756202e+02,3.328637813937676242e+02,3.145156943627337682e+02,2.942951985315572188e+02,2.990842755361371701e+02,3.127760410138500333e+02,3.281040649809114029e+02,3.100124660013912603e+02,2.972683251056127460e+02,3.024353685511208027e+02,3.228318121608743922e+02,3.293163020057532435e+02,3.150420494317711473e+02,3.027360019314101578e+02,3.033918311241642982e+02,3.119290992558242124e+02,3.202779889421256030e+02,3.208607024970069119e+02,3.182469632084824980e+02,3.124921359979735485e+02,3.159723209565461843e+02,3.230963229186893386e+02,3.132396893692665003e+02,3.106959317342357849e+02,3.126979972970999597e+02,3.147497484064089122e+02,3.102414346073639990e+02,3.077511514009061102e+02,3.142869700127923807e+02,3.228601992650686725e+02,3.287074594460268031e+02,3.089325489379018563e+02,3.057153937137722437e+02,3.145547899343854965e+02,3.251447899055343669e+02,3.370066999326778614e+02,3.267855280913120737e+02,3.162180600396728778e+02,3.206624622373933562e+02,3.238328616202612125e+02,3.226289589185964815e+02,3.241571800849158080e+02,3.237378863383318617e+02,3.245738949454411113e+02,3.137545955327826164e+02,3.141246531928376839e+02,2.979994609253265594e+02,2.843389400574098431e+02,3.047957752981778867e+02,3.224519082784277089e+02,3.186400151040706987e+02,3.086830262974072525e+02
2.904195535379649868e+02,2.937081695894613631e+02,3.045253128275997483e+02,3.350459861655247664e+02,3.410025949008043540e+02,3.453180098284838664e+02,3.470793628188896491e+02,3.455692930080751921e+02,3.084686191090347052e+02,2.974530425047702238e+02,3.079948422164044359e+02,3.188148106262778469e+02,3.270165927020908612e+02,3.384725658905332466e+02,3.391894652774352039e+02,3.357551582516479698e+02,3.208998126225517353e+02,3.111989025451625253e+02,2.894486596738415187e+02,2.740868337298863366e+02,2.712399258590721729e+02,2.671708016325746371e+02,2.755960427643491926e+02,2.817165123658937773e+02,2.867938151055302569e+02,2.932450543212939920e+02,2.776728617969508832e+02,2.658284236497119082e+02,2.722362596923834417e+02,2.820555203865001204e+02,2.830823755984768013e+02,2.813143664389039031e+02,2.824208492779707171e+02,2.766133363077468630e+02,2.643521848393563687e+02,2.546230215418161436e+02,2.476823718626570781e+02,2.671631820483929118e+02,2.769008012296591232e+02,2.749306570121419782e+02,2.791416842430509746e+02,2.872704622071074709e+02,2.962736211502158312e+02,2.886298521358411904e+02,2.791704386630358954e+02,2.854696851821328778e+02,2.950870413393738545e+02,2.911973481815606419e+02,3.020944915949496590e+02,3.044547130122753629e+02,3.029520232104968613e+02,3.109778164033638177e+02,3.240741437421237947e+02,3.276492218740607996e+02,3.269063234663141770e+02,3.345582588933104375e+02,3.160695245851830464e+02,3.027330649764262489e+02,2.909918150462188464e+02,2.778417403615599710e+02,2.749361504225715862e+02,2.742156708053503280e+02,2.781728454219573905e+02,2.855017908285001340e+02,2.786501104223114567e+02,2.805682862790526997e+02,2.809705491880527575e+02,2.822860924449028630e+02,2.880706076222945171e+02,2.884531550986114894e+02,2.964931558472854931e+02,2.984263199978620946e+02,2.974278781994789824e+02,2.995802523924821799e+02,3.075418513295250023e+02,3.094500610426769640e+02,2.961958681950733876e+02,3.080641370499558889e+02,3.118908832797173432e+02,3.068946804553731909e+02,3.140096407508256107e+02,3.098467218789871254e+02,3.149733382707964893e+02,3.154147061691614340e+02,3.173000364730999650e+02,3.246589904735124037e+02,3.462337315266665314e+02,3.462394884220689733e+02,3.429486750735960072e+02,3.492774281283074060e+02,3.529135434678685783e+02,3.588838322534601275e+02,3.513737506950781722e+02,3.532486405530029856e+02,3.573678685262040631e+02,3.555419264912656558e+02,3.527016255019591426e+02,3.535401796156774594e+02,3.290428204664895020e+02,3.244966626152485674e+02,3.351837040546620301e+02,3.239921309577268289e+02,3.227392896076672173e+02,3.182119129885060147e+02,3.163410448404222848e+02,3.240523689087793855e+02,3.269452475369911326e+02,3.205427670802623084e+02,3.121811245161566717e+02,3.228372442384172700e+02,3.324934085389681968e+02,3.283462436326660736e+02,3.355878931876807201e+02,3.388892238159796193e+02,3.433405950989844655e+02,3.381361778043564641e+02,3.379218529857698172e+02,3.434573170033702922e+02,3.551187298437603772e+02,3.411585470000008513e+02,3.331700389177018451e+02,3.275541579688202773e+02,3.300314980128622437e+02,3.228034610297991662e+02,3.241336101390020872e+02,3.361314513233176058e+02,3.345319690979282541e+02,3.276770613865077166e+02,3.213178219139673502e+02,3.194334297759995707e+02,2.843196812325468841e+02,2.694051077084027384e+02,2.716881192101050715e+02,2.637675106965432974e+02,2.626745502135905213e+02,2.702882123532273795e+02,2.786845993169821440e+02,2.764703566340684802e+02,2.705523558378387179e+02,2.654773378316984918e+02,2.555989424517708244e+02,2.523728875889738390e+02,2.643769283590501686e+02,2.742398257159391051e+02,2.848605729703886027e+02,2.815581601057504031e+02,2.737098345962437520e+02,2.830575598649720064e+02,3.031083878961480309e+02,3.240471079338607865e+02,3.300754371479773113e+02,3.316472838621483561e+02,3.292473072125628732e+02,3.194799248887948693e+02,3.093961604241708869e+02,3.202536441728008754e+02,3.319837168062384762e+02,3.235059378634023801e+02,3.269179652454398592e+02,3.271344440059549470e+02,3.308351005737434889e+02,3.381008457376869387e+02,3.354833516875082751e+02,3.395167956669091609e+02,3.402254317921831444e+02,3.484114863015832384e+02,3.123426455701150530e+02,2.912540724258095679e+02,2.878915761399115922e+02,3.011063227351690443e+02,3.059261046840148310e+02,2.879106339924052236e+02,2.867968959788980783e+02,3.043676635047871173e+02,3.181059048764677186e+02,3.311614580652412769e+02,3.116639096921667829e+02,3.065990522905163971e+02,3.119789297664090100e+02,3.076718770762794293e+02,3.087894380345261993e+02,3.111606602144052545e+02,3.152260738181064994e+02,3.104840533346103371e+02,3.111902250577656446e+02,3.236506722892037828e+02,3.115980452707345876e+02,3.022240717523902731e+02,3.026727153930871737e+02,3.109839186090224530e+02,3.082475130238390193e+02,3.023990302652609898e+02,3.069535022143064680e+02,3.148688983352093942e+02,3.301691265899463019e+02,3.124524032775211140e+02,3.116975299653167326e+02,3.033251705970795342e+02,3.025829323070166765e+02,3.184758907376980801e+02,3.271682177263610924e+02,3.232326054245143041e+02,3.213958978781046198e+02,3.276387298524985567e+02,3.300169343183679302e+02,3.213476518293143158e+02,3.034947952859955080e+02,2.772090684848815272e+02,2.651092220721860713e+02,2.672208369536937198e+02,2.706291661799133408e+02,2.649632122629186597e+02,2.634708905753962540e+02,2.558908995237735553e+02,2.574896728707172997e+02,2.580568031116989118e+02
2.903696080508670434e+02,2.993388480232703159e+02,3.172436229910382508e+02,3.346016373666800519e+02,3.409101574651586475e+02,3.477300330742938286e+02,3.423262381391572831e+02,3.422364337664887444e+02,3.422563015425811841e+02,3.250528077124636184e+02,3.014194465211217562e+02,3.004337058931649835e+02,3.195515112189611386e+02,3.235919003039412587e+02,3.267019351115463905e+02,3.373852285680428622e+02,3.251599210176535735e+02,3.095728429609425802e+02,2.931883557122951061e+02,2.706774384392817296e+02,2.613922183498982577e+02,2.621247255015596807e+02,2.647438942057194140e+02,2.711665496125858681e+02,2.879198541053439726e+02,2.932625092593478371e+02,2.825949280138999029e+02,2.723161242226827312e+02,2.827784299689769227e+02,3.018652406247391582e+02,3.153304337988296311e+02,3.131060059428460818e+02,3.018815693418708861e+02,2.799164746522038740e+02,2.641399235178889171e+02,2.732126520269906109e+02,2.808183305092634328e+02,2.885571912777165267e+02,2.882909419160835114e+02,3.009198223098905487e+02,2.954469235506979885e+02,2.883884521678866122e+02,2.962701407743006143e+02,3.127850014138322194e+02,3.015387298970978804e+02,2.994002630301465047e+02,3.070830159958970853e+02,3.159505739059449638e+02,3.220040958423597885e+02,3.231551395546582626e+02,3.238160462522939724e+02,3.300727401089832256e+02,3.303973826342669895e+02,3.270657434937050425e+02,3.323971351256365665e+02,3.285022632187264549e+02,3.078883483881574534e+02,2.865741116650638105e+02,2.756520773529722987e+02,2.716269643040017172e+02,2.746120504378940268e+02,2.773981272872399018e+02,2.896584137590769501e+02,2.988471117390683389e+02,2.927964454849923186e+02,3.032235051606824072e+02,3.187031636319101722e+02,3.152664416475798816e+02,3.053717789348940528e+02,2.952403364331659077e+02,3.050052050740370078e+02,3.094669621321444311e+02,3.178820110094692950e+02,3.353572829072422792e+02,3.370422815148867812e+02,3.277688127912425671e+02,3.148792699771945536e+02,3.234270653663739949e+02,3.261971221615214631e+02,3.177885973185107105e+02,3.251326296952313442e+02,3.308943054608790817e+02,3.303337670890210802e+02,3.276708042308875974e+02,3.298621239714670992e+02,3.400271678876306964e+02,3.510207332534858438e+02,3.498099536826524627e+02,3.447842052700017348e+02,3.506562586954290168e+02,3.508767892876858241e+02,3.571936768758230301e+02,3.525618890941593691e+02,3.552919354518572277e+02,3.600000000000000000e+02,3.593451093313811953e+02,3.544163720467864778e+02,3.546482553973657446e+02,3.401996013520804922e+02,3.373729261859040776e+02,3.418785223157663040e+02,3.384324344339521531e+02,3.428324763986577182e+02,3.451871388171198873e+02,3.326174127715298710e+02,3.310597996759335615e+02,3.289904800281940425e+02,3.349203615393840892e+02,3.314285905111923398e+02,3.387510774258008155e+02,3.392330680716286793e+02,3.350357952069461476e+02,3.385492335681581153e+02,3.290872554820090272e+02,3.339553644265548087e+02,3.483003733075528316e+02,3.401297254220800141e+02,3.362344350120937975e+02,3.410259866126060615e+02,3.405611159234002230e+02,3.296668592124792667e+02,3.256401077551153094e+02,3.280717731429971877e+02,3.280243645480549048e+02,3.311135105445995919e+02,3.358956229333023771e+02,3.339051349920155189e+02,3.190379861416277549e+02,3.058351329648555179e+02,3.058848403410405581e+02,2.771769992173134369e+02,2.709869482735217616e+02,2.829353274306468506e+02,2.755675469420389732e+02,2.704648615055290861e+02,2.772390266338491642e+02,2.772391365398551670e+02,2.649455957435858977e+02,2.635396205622208186e+02,2.729392289636501800e+02,2.831998168577868000e+02,2.866562216892199331e+02,2.807583712321628013e+02,2.774821840654407197e+02,2.837214960517098348e+02,2.809259347671845717e+02,2.777162294740721791e+02,2.897016810449943591e+02,3.055260898668460641e+02,3.132531201956822429e+02,3.081407493703980549e+02,3.052734659873976852e+02,3.053132157906942439e+02,3.087798747363651728e+02,3.123310121053630155e+02,3.235175455344622151e+02,3.180541702980875129e+02,3.120435425805524687e+02,3.083883380392450135e+02,3.086256298027575440e+02,3.164916166548566707e+02,3.275728756260367618e+02,3.385351188178214557e+02,3.433692540113233918e+02,3.345615706565106962e+02,3.365015874656045298e+02,3.135607376985577162e+02,2.951566735787370135e+02,3.023327259439433305e+02,3.196968018409062324e+02,3.202800196361796452e+02,2.979323860669943542e+02,2.876209552996447201e+02,2.965639541140049005e+02,3.173941488209632666e+02,3.285422371889405326e+02,2.946905022344720919e+02,2.586391368212947555e+02,2.432673684155111289e+02,2.615191588002758749e+02,2.957983218525655502e+02,2.980951652700022123e+02,3.046836050354445433e+02,3.179629674473347336e+02,3.195342162488005897e+02,3.140856597065802021e+02,3.048147508325627086e+02,2.972116794454627211e+02,3.069303434722591533e+02,2.991468157849830618e+02,2.877474641971493270e+02,2.891839772524422756e+02,2.956555531864006525e+02,3.073228107533367961e+02,3.077296198943006971e+02,2.944691683633081425e+02,2.945624191624078207e+02,2.934251387181539030e+02,2.995638866103853388e+02,2.942585931659020844e+02,2.918158190930737419e+02,3.045570867479705157e+02,3.137094164530451508e+02,3.152884690982858160e+02,3.137534574758153099e+02,3.072472731107949926e+02,3.041185246265893056e+02,2.849394017615451844e+02,2.872406907199711554e+02,2.994290955548440252e+02,2.820675707876845877e+02,2.738633801453084970e+02,2.612661608878213997e+02,2.421235057872074776e+02,2.461494887325182219e+02,2.657716180024420964e+02
2.775260423562707501e+02,2.815930483265584598e+02,3.044681881002787236e+02,3.306183265325825005e+02,3.474178275400337839e+02,3.472797792357891353e+02,3.473856568119118720e+02,3.432228217517819076e+02,3.114074418048820121e+02,3.057682887736582416e+02,2.930918906028808237e+02,2.886288657078450228e+02,3.119400016618965878e+02,3.345458042696810139e+02,3.331436340940560967e+02,3.366538579224671253e+02,3.311811345856584126e+02,3.187700590922504489e+02,2.890196788156364391e+02,2.648019351653658191e+02,2.579479970659534729e+02,2.644031232864032859e+02,2.667877015293416889e+02,2.644263339965192472e+02,2.755810167978392542e+02,2.843929430288262097e+02,2.889173975421562091e+02,2.922574657425683426e+02,2.807775370849054184e+02,2.780281519544853381e+02,2.795710548388508982e+02,2.761446773097915184e+02,2.851031542288146738e+02,3.022795379391886854e+02,3.075270111889632290e+02,3.158826528985024424e+02,3.019092840786417469e+02,2.946382905563755799e+02,3.059661396550669679e+02,3.057022728142511028e+02,3.025086716377726930e+02,3.031145826902830436e+02,3.044613224898037060e+02,3.091669067858854305e+02,3.122731724111887388e+02,3.207058814919978431e+02,3.168993405634427063e+02,3.144109840953736352e+02,3.142201822528637649e+02,3.188854316145727239e+02,3.166174193021740848e+02,3.242030672229085440e+02,3.252589435932322885e+02,3.245953867144953051e+02,3.290898029389740032e+02,3.392351466722252553e+02,3.308937698557390377e+02,3.234549594485383182e+02,3.183139857579783438e+02,3.103665193933128990e+02,3.112210124198415997e+02,2.984848545344357831e+02,2.948519490094587354e+02,3.020740273148697952e+02,3.039771109280730457e+02,2.991491661416379202e+02,3.043251530337761324e+02,3.104247548635599401e+02,3.073599434739662684e+02,3.094604936150915933e+02,3.126521011058103454e+02,3.137752456274282622e+02,3.098633576532835150e+02,3.176294434848020956e+02,3.238472014031651156e+02,3.295139045582317863e+02,3.294153448691313884e+02,3.325573954914377737e+02,3.309749676842452004e+02,3.307201006360201632e+02,3.319575809863741824e+02,3.373755320178165107e+02,3.351159135510636133e+02,3.366562097401659344e+02,3.423090871763320138e+02,3.577080747870265895e+02,3.562929532372845642e+02,3.593515654016420058e+02,3.600000000000000000e+02,3.600000000000000000e+02,3.560800126961118508e+02,3.568562592737065415e+02,3.600000000000000000e+02,3.600000000000000000e+02,3.587157769419707734e+02,3.575339233893966480e+02,3.600000000000000000e+02,3.600000000000000000e+02,3.441507244096553677e+02,3.344934347244600303e+02,3.433393654248080225e+02,3.496237419535187314e+02,3.469259869173650941e+02,3.428334390466251875e+02,3.389606253393723136e+02,3.351757846138061723e+02,3.389816127233219731e+02,3.373500650266998946e+02,3.364051127397100913e+02,3.325061987517511852e+02,3.289762514930530983e+02,3.069597077269345391e+02,2.991440648206815922e+02,3.062433433287608295e+02,3.222199069916687790e+02,3.338020023722702945e+02,3.276696168312493569e+02,3.264380034880670109e+02,3.309233617976331630e+02,3.282639374237303400e+02,3.144310874725790654e+02,3.081875544292440168e+02,3.073334637436573189e+02,3.067476713992078317e+02,3.123088091362070031e+02,3.000136707476931974e+02,2.860689853341665412e+02,3.022077474509378021e+02,3.111349922835541975e+02,3.105390191210202602e+02,3.089155588068231850e+02,3.236519955979788392e+02,3.315990801467239635e+02,3.280961549041705894e+02,3.300433474907808318e+02,3.385747234918189861e+02,3.204408112970619982e+02,3.075443225823374291e+02,3.195463481729750583e+02,3.256987633460445295e+02,3.343199027713796454e+02,3.280560804658889538e+02,3.278720560923622998e+02,3.332466715381436870e+02,3.402886965241166308e+02,3.405577065802045809e+02,3.376903032443949542e+02,3.297755863198166253e+02,3.219168765872711901e+02,3.151055845493223728e+02,3.006625764698326293e+02,3.035979640397481489e+02,3.110718651503736965e+02,3.158495431535748139e+02,3.129222145236253141e+02,3.171876174867386453e+02,3.132125449693787687e+02,2.971353465509457692e+02,2.934310986261675112e+02,3.031914398919803943e+02,3.115850227214432948e+02,3.207659353801284396e+02,3.350750378990928766e+02,3.372401183004689074e+02,3.447518188885662767e+02,3.431836210660370625e+02,3.203303352036346041e+02,2.881397647216863902e+02,2.861870322288606872e+02,3.012545095754924205e+02,3.173800551954715843e+02,3.036602842803247881e+02,2.960974734120887888e+02,2.974508590259731591e+02,3.124681654551398537e+02,3.229683021004461239e+02,2.769271660955752168e+02,2.398523578493255570e+02,2.272484272563295349e+02,2.484375332588586787e+02,2.933923746330525546e+02,2.934025945693189783e+02,2.973505997203731113e+02,2.959088121150098232e+02,3.001987925403315671e+02,3.119009213158225293e+02,2.962667618971089496e+02,2.857419021645927728e+02,3.006278418294430139e+02,2.902037572513427222e+02,2.808131723463540084e+02,2.863705340525693828e+02,2.861299354127638708e+02,2.988773842620062169e+02,3.061264629528909040e+02,2.862943599382855382e+02,2.808457482049187206e+02,2.929609809185807876e+02,3.005490667621817806e+02,2.997926604804967496e+02,2.948171399891662645e+02,2.894066069244561845e+02,2.941240088238167232e+02,3.006081014026613047e+02,3.057734079446862552e+02,3.038062638780027669e+02,3.140118585182252104e+02,3.274295624929637825e+02,3.340719940319856391e+02,3.365792415425381705e+02,3.346012556179554736e+02,3.284920202754434513e+02,3.187036472656389492e+02,3.269248918054221917e+02,3.272790800719889148e+02,3.249747124695801404e+02
3.107931082368858142e+02,3.141127256611475786e+02,3.263297414617328513e+02,3.493153401742378605e+02,3.546766929119852421e+02,3.453557621444109600e+02,3.498063695153358594e+02,3.550020625256320272e+02,3.375081306944533139e+02,3.210413720886697888e+02,3.203032654642200896e+02,3.174123240417453076e+02,3.263527549320292565e+02,3.366714673787620882e+02,3.415196981101506708e+02,3.438171913693365127e+02,3.372290111680115388e+02,3.185687524499161896e+02,2.984626226903077963e+02,2.883028388110837454e+02,2.938198136645740988e+02,2.918829213609818112e+02,2.888551370645181464e+02,2.848336838612510746e+02,2.878668368461679847e+02,2.934634117701688183e+02,2.855248465086247620e+02,2.790818485494807533e+02,2.744970614018096171e+02,2.763462043387709741e+02,2.817801746508648080e+02,2.884245429634780749e+02,2.959063893382478909e+02,3.026315377070832255e+02,3.109089305949353275e+02,3.048258517319404746e+02,2.884923756484786850e+02,2.872783357937473170e+02,3.007754243491137345e+02,3.050293924509350063e+02,3.023590460806383362e+02,2.997363203420828199e+02,3.054508482801221021e+02,3.081326360699741258e+02,3.091975689898938526e+02,3.189194807368446050e+02,3.245757689427393302e+02,3.155712054993535958e+02,3.122098732799067307e+02,3.272732597935521994e+02,3.280360503178457066e+02,3.334838294478919352e+02,3.311039428035452374e+02,3.392625156794906616e+02,3.401778707011746405e+02,3.436895979604903459e+02,3.191858498087104294e+02,2.995861712512047461e+02,2.991923195669322695e+02,2.974893828737283457e+02,2.849629943940737462e+02,2.792716340198240914e+02,2.872276522223689312e+02,2.886649959405799564e+02,2.960628814998980829e+02,3.053111364624388102e+02,3.105974940977915821e+02,3.114808441858006063e+02,2.991038581768508493e+02,2.904489861095449896e+02,2.955189791514604849e+02,3.105213788875423688e+02,3.104246781137501330e+02,3.183046933421426843e+02,3.241756172694568932e+02,3.254779437788809560e+02,3.211345284059026994e+02,3.122897901906440552e+02,3.105797023716153262e+02,3.239298047620965235e+02,3.322481245982373821e+02,3.309731057779724210e+02,3.275437242675892549e+02,3.290484799695913694e+02,3.419509929036184417e+02,3.525639078381719855e+02,3.575294060065093618e+02,3.590258729925814691e+02,3.600000000000000000e+02,3.600000000000000000e+02,3.600000000000000000e+02,3.600000000000000000e+02,3.600000000000000000e+02,3.600000000000000000e+02,3.600000000000000000e+02,3.588850544987801641e+02,3.570259988262565685e+02,3.600000000000000000e+02,3.514600834823057767e+02,3.462432677101843979e+02,3.529564593110530382e+02,3.462317326871385035e+02,3.420679968087094380e+02,3.369597257164323310e+02,3.320674005405273306e+02,3.259438163184960899e+02,3.359282413856333278e+02,3.360730327417023773e+02,3.341580530786986287e+02,3.140791889856690773e+02,2.893100208456223754e+02,2.802626259826000137e+02,2.871069386798859568e+02,3.022795834828531270e+02,3.011269506717543436e+02,2.826306858009535290e+02,2.838543687771141322e+02,3.020953491290948136e+02,3.117612943255102209e+02,3.048746307228328192e+02,3.033339100894508533e+02,2.992505678592509639e+02,2.842710229313628929e+02,2.760390389896613215e+02,2.823933130986015385e+02,2.822786149064781966e+02,2.623524832415976107e+02,2.703634082704721777e+02,2.879551027945427677e+02,3.076614827165170141e+02,3.210511685576128684e+02,3.247315416271662230e+02,3.405818691396627287e+02,3.406081710238659070e+02,3.376120801064123498e+02,3.423302899570088016e+02,3.514183691407245078e+02,3.420104083868716884e+02,3.385912961113648407e+02,3.350368118579831958e+02,3.412211369772889498e+02,3.308572075204908742e+02,3.351568601435486130e+02,3.495821467240628522e+02,3.594065141918367203e+02,3.479051861422734078e+02,3.359994156022727338e+02,3.341433480857791665e+02,3.359866937173434849e+02,3.332922489049133787e+02,3.348570135766285034e+02,3.408731768410256677e+02,3.403450246433706070e+02,3.302645937930977880e+02,3.224036957354213655e+02,3.223663198792654612e+02,3.336928620409804012e+02,3.182187057009107320e+02,3.183783095703192316e+02,3.289914476355040165e+02,3.338743824878685018e+02,3.452810854210064235e+02,3.507129666110278094e+02,3.388344817007040319e+02,3.410593240395015187e+02,3.435305796365243509e+02,3.306613028878769569e+02,2.971487337328948684e+02,2.940965452866325336e+02,3.120105599656337745e+02,3.207071309295628794e+02,3.006524570667252192e+02,2.960460377825860405e+02,3.094766373404918909e+02,3.266667218335126108e+02,3.348748650553949346e+02,3.134868161382320864e+02,3.080260942172133696e+02,3.166081130803419228e+02,3.223503441551059154e+02,3.227799758130803980e+02,3.199049184448193159e+02,3.104046454678299938e+02,3.004534825718264983e+02,3.081951402112544542e+02,3.252783451290854373e+02,3.189670544550562568e+02,3.177968771890231210e+02,3.216959282284216783e+02,3.244554927299428755e+02,3.209312206661577989e+02,3.166535349504322880e+02,3.162925999352164581e+02,3.204349969798896609e+02,3.254458652709863600e+02,3.035380430792759512e+02,2.947078134638582583e+02,3.106539521841105511e+02,3.232710355772023831e+02,3.216235707369251031e+02,3.109847013143989329e+02,3.037563767269807045e+02,3.129009303032194680e+02,3.324834869432694404e+02,3.329232599616298671e+02,3.280764164240684408e+02,3.341921426314088990e+02,3.429539317835964312e+02,3.393715810689051295e+02,3.400010326755374308e+02,3.344235784015447166e+02,3.282306634206888702e+02,3.202849191612208983e+02,3.335164718057093864e+02,3.372927727715431843e+02,3.229593587001315314e+02
3.144999880803812857e+02,3.217433390174720671e+02,3.346078127461494205e+02,3.483170535271329413e+02,3.582311441543499768e+02,3.600000000000000000e+02,3.600000000000000000e+02,3.600000000000000000e+02,3.542257289335829569e+02,3.354932197762191208e+02,3.145926856346098361e+02,3.158362395604843869e+02,3.393872698819541256e+02,3.432835454666012538e+02,3.438077227612227489e+02,3.430202570578031782e+02,3.477400148842061753e+02,3.401308215216275812e+02,3.165243716174535393e+02,2.900120367222154414e+02,2.934515259759163541e+02,3.037047331268621519e+02,2.902252730850884745e+02,2.940652420869701018e+02,3.112464777858751859e+02,3.221751472162442838e+02,3.362241669347131392e+02,3.346376257957798543e+02,3.248537225815591682e+02,3.240258770393871259e+02,3.156357142330659826e+02,3.101302965154872595e+02,3.208202079290101665e+02,3.191181054057540791e+02,3.202962229092926236e+02,3.231944380700137458e+02,3.208173384438474613e+02,3.179035344980482023e+02,3.245367956923060433e+02,3.253052788294938864e+02,3.229597036336697329e+02,3.266815444524612531e+02,3.306342867726405075e+02,3.366393244203887321e+02,3.358554743620044292e+02,3.314128455930042492e+02,3.267880844162253879e+02,3.316052648519504942e+02,3.381850220701877561e+02,3.422568150819525385e+02,3.404084814415948586e+02,3.411963864763286551e+02,3.353200040865557980e+02,3.405600490348323319e+02,3.419488565878160102e+02,3.515009493130050942e+02,3.465083837792000168e+02,3.314318118716270192e+02,3.219568364503468274e+02,3.157511057129358960e+02,3.220648052730840618e+02,3.241492458689689329e+02,3.162227980620120888e+02,3.176054364786551787e+02,3.256940550850943055e+02,3.377779279483578421e+02,3.397115330331824339e+02,3.370133292490496615e+02,3.401244586947424864e+02,3.438117224297223515e+02,3.371915773310086593e+02,3.353555782796332210e+02,3.370587363356954711e+02,3.450686590948657795e+02,3.520427348745025711e+02,3.475344873068509628e+02,3.523682053802509699e+02,3.529765251601191949e+02,3.457095974879712230e+02,3.487717640651432021e+02,3.478214622015955797e+02,3.534585201550316924e+02,3.600000000000000000e+02,3.588059846750848578e+02,3.600000000000000000e+02,3.550279959760320594e+02,3.553668319035884338e+02,3.572492490035125456e+02,3.539189443369011769e+02,3.600000000000000000e+02,3.600000000000000000e+02,3.600000000000000000e+02,3.600000000000000000e+02,3.600000000000000000e+02,3.600000000000000000e+02,3.600000000000000000e+02,3.600000000000000000e+02,3.600000000000000000e+02,3.600000000000000000e+02,3.600000000000000000e+02,3.600000000000000000e+02,3.600000000000000000e+02,3.600000000000000000e+02,3.600000000000000000e+02,3.600000000000000000e+02,3.600000000000000000e+02,3.600000000000000000e+02,3.574550598323620534e+02,3.518259117100548110e+02,3.495620152148905504e+02,3.477251137117344228e+02,3.484656237720369063e+02,3.515210712115705292e+02,3.518135006526266579e+02,3.297146699628941633e+02,3.033080510369422313e+02,3.097719380590203855e+02,3.414921654016505954e+02,3.460653391228764804e+02,3.354100800957378965e+02,3.327537895237874181e+02,3.329221562687651499e+02,3.249355385706173820e+02,3.233099275385665123e+02,3.345346784218909875e+02,3.404571288220691372e+02,3.264236671682016890e+02,3.193465928596732510e+02,3.238163969785998688e+02,3.363182520514512817e+02,3.341941979681712382e+02,3.037393986096961385e+02,2.913124716909846370e+02,3.001695623375547939e+02,3.031237463876140055e+02,3.070394215939761011e+02,3.077073312596311325e+02,3.068212778887419176e+02,2.987616708337484965e+02,2.982609970102322450e+02,3.088826074126336039e+02,3.054431513159190672e+02,3.112148091292378922e+02,3.236834939944437224e+02,3.240379487996676175e+02,3.269876331939261149e+02,3.295633387054346599e+02,3.279267822941010309e+02,3.327419005130583969e+02,3.275990254597340368e+02,3.285487944785541572e+02,3.286241320211172479e+02,3.286576974505998123e+02,3.311218307024451519e+02,3.274279560541001501e+02,3.315386229631000106e+02,3.341005530397532084e+02,3.218071001639567612e+02,3.263537756907310268e+02,3.250438112401433273e+02,3.288570451283724765e+02,3.354052839843096763e+02,3.414645009768008777e+02,3.451451456583629920e+02,3.548734801388728215e+02,3.547588910826397637e+02,3.280011422938892451e+02,3.109374382772060699e+02,3.014799027238290137e+02,3.035823909758342438e+02,3.288252335450010264e+02,3.134074778547753795e+02,3.019490372636809639e+02,2.966196649154677516e+02,3.115805403672097782e+02,3.425784178615306814e+02,3.323487563217012735e+02,3.196560737712388800e+02,3.159248302482735653e+02,3.260447995643802983e+02,3.180451415966762738e+02,3.201445786209178550e+02,3.342303181057155825e+02,3.293537921425563582e+02,3.326863863418938081e+02,3.332313996597601999e+02,3.214265007676717687e+02,3.227064501112425887e+02,3.373254210240605744e+02,3.429703439938563179e+02,3.217112527504950776e+02,3.195416654024894569e+02,3.294315279216534691e+02,3.398314832693122298e+02,3.462504991328564756e+02,3.135443427316532734e+02,2.923293876756519012e+02,3.061350374765776223e+02,3.390652191643238780e+02,3.442847039328490268e+02,3.333941403545937305e+02,3.310158317251230642e+02,3.342653197401374427e+02,3.398192432424863227e+02,3.527356495013478934e+02,3.389095604078195265e+02,3.320779172985777450e+02,3.274696074873385214e+02,3.251212186630415317e+02,3.101879369815100063e+02,3.000995998880104025e+02,2.887900037498501433e+02,2.989743264497069504e+02,3.183343213246873233e+02,3.185936592514137828e+02,2.982513376012688013e+02
2.923924789808704645e+02,3.090752858546236439e+02,3.376080935818738453e+02,3.525625941354498991e+02,3.600000000000000000e+02,3.600000000000000000e+02,3.600000000000000000e+02,3.600000000000000000e+02,3.316622771676600223e+02,3.099563755945247294e+02,3.152222681076564186e+02,3.317278381212675527e+02,3.490050345931588822e+02,3.522380740079859152e+02,3.575763270375114189e+02,3.550747932372339051e+02,3.550354988743781632e+02,3.398121671400373316e+02,3.070396520495424966e+02,2.829509052395879394e+02,2.927024948108947910e+02,2.995033791845154383e+02,2.881678916838196756e+02,2.949190510761332007e+02,3.089002766380448293e+02,3.178245375396099917e+02,3.119194852315005164e+02,2.968528640706374517e+02,2.951810032164034965e+02,3.157614059381090783e+02,3.252334890015559381e+02,3.131519319826792298e+02,3.167263130271837781e+02,3.253436274456511796e+02,3.147613696822533029e+02,3.162216329890285920e+02,3.268673513412433067e+02,3.169112734579952075e+02,3.127536559900884754e+02,3.198579080045758474e+02,3.137796634661668804e+02,3.138052505834746171e+02,3.142366582675037989e+02,3.170804039814801172e+02,3.326083819425921888e+02,3.288672441121348129e+02,3.356053119273864240e+02,3.395278361887758365e+02,3.333362647851927250e+02,3.385757033787569981e+02,3.344861686758164296e+02,3.368980762853994406e+02,3.365224158252708548e+02,3.418277839827784987e+02,3.504081490789893678e+02,3.554225268055816400e+02,3.400814932019105754e+02,3.269546525312033509e+02,3.153112930421603437e+02,3.119627422001141213e+02,3.082993658666133570e+02,3.075311675220060579e+02,2.980071258095111943e+02,3.035823353063684635e+02,3.161546429796129587e+02,3.304112983116731357e+02,3.330289844090136739e+02,3.243907357464455572e+02,3.192066002752764007e+02,3.197693076377698276e+02,3.220940958752805727e+02,3.144033279211769241e+02,3.254756621107134720e+02,3.444407538906367563e+02,3.399213414584096995e+02,3.350180456910480302e+02,3.289093181952964642e+02,3.153031075092357014e+02,3.101787813434732470e+02,3.214600493255039169e+02,3.424552710045543904e+02,3.487711995897763586e+02,3.374640469535987108e+02,3.283097748022557312e+02,3.348774970343220616e+02,3.499001877080547729e+02,3.600000000000000000e+02,3.600000000000000000e+02,3.600000000000000000e+02,3.600000000000000000e+02,3.600000000000000000e+02,3.600000000000000000e+02,3.600000000000000000e+02,3.600000000000000000e+02,3.600000000000000000e+02,3.600000000000000000e+02,3.600000000000000000e+02,3.600000000000000000e+02,3.600000000000000000e+02,3.600000000000000000e+02,3.600000000000000000e+02,3.600000000000000000e+02,3.600000000000000000e+02,3.600000000000000000e+02,3.600000000000000000e+02,3.600000000000000000e+02,3.600000000000000000e+02,3.600000000000000000e+02,3.600000000000000000e+02,3.600000000000000000e+02,3.600000000000000000e+02,3.600000000000000000e+02,3.600000000000000000e+02,3.600000000000000000e+02,3.600000000000000000e+02,3.600000000000000000e+02,3.600000000000000000e+02,3.587778283156158636e+02,3.563256298084064611e+02,3.453706737768129074e+02,3.466640238457464989e+02,3.512536671379435234e+02,3.504012353341530002e+02,3.532723553278541431e+02,3.600000000000000000e+02,3.600000000000000000e+02,3.539839182192110911e+02,3.516676665426015234e+02,3.388395513056318578e+02,3.137784885264525769e+02,2.965846332236964145e+02,2.935805993078600977e+02,2.979713540551314281e+02,3.108610286124809932e+02,3.186282561443816803e+02,3.043966036841152345e+02,2.914619235443360594e+02,2.865950027481534903e+02,2.841146184628790365e+02,2.976337352241126837e+02,3.211718239779611395e+02,3.170177321089586826e+02,3.140413779712753239e+02,3.112582943630147270e+02,3.141074970078803403e+02,3.178904445356793076e+02,3.290871393162337313e+02,3.371748845765753799e+02,3.431990958739535245e+02,3.422478744829750212e+02,3.344596892666629060e+02,3.228588542278760656e+02,3.123921094629635604e+02,3.248541105304338430e+02,3.310051977997933932e+02,3.326244560669503585e+02,3.278566836200000125e+02,3.164589104343620534e+02,3.079438473564433139e+02,3.102738088635617828e+02,3.178903491710735807e+02,3.146035390403322367e+02,3.153858838161611402e+02,3.245706830355310899e+02,3.505475096320452622e+02,3.580754075922006336e+02,3.492338120585093293e+02,3.272691542223191732e+02,3.156062398316382200e+02,3.189158529811600715e+02,3.335403176408808008e+02,3.184149786234245312e+02,3.100828175218608749e+02,3.138583394368253039e+02,3.367043749263161772e+02,3.434147909600739581e+02,3.094588929251097511e+02,3.034333316550511199e+02,3.198206710369449866e+02,3.354993821405882386e+02,3.378436989275496103e+02,3.366733370657265141e+02,3.317948315964690096e+02,3.304212726053181086e+02,3.443472402588188288e+02,3.425381074903056060e+02,3.243103288933739350e+02,3.226296076889814799e+02,3.362880131047637633e+02,3.365111131982921506e+02,3.202890462675235312e+02,3.187103496719603299e+02,3.242356667606717906e+02,3.392223404680344174e+02,3.522389652007597078e+02,3.380481144561612723e+02,3.236437494581304577e+02,3.319768008734986324e+02,3.445857198585644596e+02,3.477363457172934318e+02,3.444120023751676740e+02,3.414219295866471953e+02,3.498073324668911823e+02,3.600000000000000000e+02,3.600000000000000000e+02,3.339885807396034352e+02,3.172788632615457800e+02,3.164446324695425687e+02,3.150199361224427435e+02,3.046015974629447101e+02,2.966528041077661442e+02,3.000239854599228693e+02,2.945574483655544782e+02,2.914270217105455458e+02,2.983721945291610496e+02,2.961704854628451926e+02
3.158679034552944813e+02,3.288870673905668127e+02,3.484922909339633179e+02,3.600000000000000000e+02,3.600000000000000000e+02,3.600000000000000000e+02,3.600000000000000000e+02,3.600000000000000000e+02,3.600000000000000000e+02,3.520286257693907146e+02,3.493268569132790731e+02,3.581824024410209972e+02,3.600000000000000000e+02,3.600000000000000000e+02,3.600000000000000000e+02,3.600000000000000000e+02,3.600000000000000000e+02,3.414626098487752870e+02,3.324212792920542938e+02,3.290871012595223419e+02,3.265645995487828372e+02,3.234260257430332786e+02,3.314077934842596278e+02,3.427720630921153884e+02,3.402161124135718637e+02,3.437574926073236270e+02,3.430473252135201392e+02,3.318816654772242600e+02,3.358175511572764549e+02,3.500095292989004747e+02,3.431731585607795409e+02,3.395179216262629893e+02,3.460544857246567290e+02,3.565839670814401074e+02,3.454100200553840523e+02,3.410161240817907355e+02,3.422004849307612631e+02,3.361358706385144046e+02,3.382069497348200002e+02,3.430992673740273062e+02,3.287035989479469436e+02,3.286411068648881155e+02,3.351554869904700240e+02,3.454540293413546124e+02,3.544562116311458908e+02,3.502411259876860754e+02,3.476278916806803068e+02,3.528332525942370808e+02,3.498895560600955150e+02,3.499386414189873449e+02,3.582289896125863606e+02,3.562793018973708286e+02,3.501796282956786399e+02,3.494206008293961077e+02,3.559253539969481039e+02,3.600000000000000000e+02,3.512707265223427839e+02,3.363461727452215655e+02,3.328122362685044777e+02,3.301345801258360666e+02,3.296737158215447607e+02,3.365815151019302789e+02,3.377818508661047190e+02,3.474970515523018548e+02,3.560107005252893373e+02,3.528229687917058186e+02,3.544353015131232496e+02,3.574956553050066645e+02,3.536481613407464124e+02,3.511493664819672631e+02,3.525724599295038502e+02,3.526252278764991388e+02,3.598791804323425367e+02,3.600000000000000000e+02,3.600000000000000000e+02,3.572677514958129450e+02,3.600000000000000000e+02,3.498275035169500597e+02,3.417704917570043790e+02,3.522004417623855943e+02,3.600000000000000000e+02,3.600000000000000000e+02,3.600000000000000000e+02,3.600000000000000000e+02,3.600000000000000000e+02,3.600000000000000000e+02,3.600000000000000000e+02,3.600000000000000000e+02,3.600000000000000000e+02,3.600000000000000000e+02,3.600000000000000000e+02,3.600000000000000000e+02,3.600000000000000000e+02,3.600000000000000000e+02,3.600000000000000000e+02,3.600000000000000000e+02,3.600000000000000000e+02,3.600000000000000000e+02,3.600000000000000000e+02,3.600000000000000000e+02,3.600000000000000000e+02,3.600000000000000000e+02,3.600000000000000000e+02,3.600000000000000000e+02,3.552622804656742233e+02,3.575250570932161622e+02,3.600000000000000000e+02,3.600000000000000000e+02,3.600000000000000000e+02,3.600000000000000000e+02,3.600000000000000000e+02,3.600000000000000000e+02,3.600000000000000000e+02,3.600000000000000000e+02,3.600000000000000000e+02,3.600000000000000000e+02,3.600000000000000000e+02,3.600000000000000000e+02,3.600000000000000000e+02,3.600000000000000000e+02,3.576752557611525276e+02,3.505908160546543968e+02,3.581562700853115189e+02,3.577879211954367520e+02,3.600000000000000000e+02,3.600000000000000000e+02,3.590108234457640037e+02,3.522812729145410344e+02,3.524397357310893995e+02,3.383048210937149634e+02,3.196268395407387857e+02,3.260297101466526897e+02,3.495069787103449244e+02,3.500171368384653761e+02,3.432608373482987645e+02,3.403309593571465825e+02,3.298758574857610029e+02,3.128225643023210409e+02,3.162195623954968937e+02,3.419516804271842148e+02,3.532089376431584924e+02,3.472161032264998539e+02,3.455207445276247427e+02,3.439976402091177192e+02,3.458040928373537781e+02,3.561864508361329058e+02,3.600000000000000000e+02,3.600000000000000000e+02,3.600000000000000000e+02,3.600000000000000000e+02,3.600000000000000000e+02,3.510162171206368384e+02,3.448329269923765423e+02,3.464951201115728168e+02,3.481320158652241616e+02,3.581116727773446655e+02,3.600000000000000000e+02,3.553638301091687595e+02,3.461170882312173944e+02,3.505828925534448786e+02,3.540297508354325373e+02,3.587247009550516168e+02,3.508520778939751494e+02,3.543605043436232336e+02,3.600000000000000000e+02,3.600000000000000000e+02,3.416746500815559671e+02,3.221450747038757072e+02,3.297639082336796150e+02,3.431728688845564648e+02,3.547925542724268553e+02,3.294604370898450725e+02,3.112710365107926123e+02,3.171842789709791077e+02,3.389475730680597962e+02,3.521597206619240978e+02,3.208634492301414411e+02,3.111379027986316146e+02,3.095357527885738591e+02,3.026650139281105680e+02,3.192597401752508972e+02,3.399478056673606829e+02,3.388214625005763310e+02,3.343727285597385048e+02,3.426794687170935845e+02,3.435508102800230290e+02,3.366347241589929240e+02,3.411604160665907557e+02,3.437797407494108484e+02,3.352008490185268670e+02,3.253104635468855577e+02,3.218678472378481388e+02,3.243746424257202534e+02,3.292570368963579881e+02,3.405876683760192236e+02,3.331597868651890622e+02,3.250709653654959084e+02,3.370751001502998747e+02,3.480339226076362706e+02,3.404254833503115947e+02,3.299311392673293994e+02,3.340500104749819457e+02,3.447725431650220003e+02,3.513580133913336567e+02,3.519952121518979880e+02,3.450024112147652886e+02,3.456157061759489579e+02,3.528863959667796735e+02,3.599053015530938637e+02,3.600000000000000000e+02,3.349213405200243869e+02,3.194429814924113771e+02,3.159704457451397275e+02,3.209718759816090596e+02,3.207004437160115913e+02,3.306683093164450611e+02
3.471039152013523790e+02,3.430392011471104183e+02,3.507050235788343002e+02,3.600000000000000000e+02,3.600000000000000000e+02,3.600000000000000000e+02,3.600000000000000000e+02,3.600000000000000000e+02,3.600000000000000000e+02,3.600000000000000000e+02,3.503662836099589981e+02,3.532454208914829223e+02,3.600000000000000000e+02,3.600000000000000000e+02,3.600000000000000000e+02,3.600000000000000000e+02,3.600000000000000000e+02,3.551845197813660207e+02,3.402260121721910764e+02,3.307162443355860546e+02,3.336619340475847935e+02,3.381791152021419293e+02,3.370287521617082120e+02,3.481565208865191039e+02,3.439236402682111589e+02,3.473919622639525073e+02,3.561677060107447232e+02,3.516761413873247761e+02,3.574826855224827682e+02,3.600000000000000000e+02,3.600000000000000000e+02,3.436314529605201642e+02,3.521070688078771127e+02,3.597685526454969818e+02,3.520819227260673756e+02,3.479614850371701777e+02,3.404615525750108986e+02,3.447100988010591891e+02,3.443448702810303530e+02,3.432563023664845900e+02,3.372989966387114578e+02,3.470921781274673208e+02,3.600000000000000000e+02,3.551460374668561144e+02,3.505830791718498176e+02,3.491063550812478979e+02,3.405680839789660581e+02,3.544762815796211726e+02,3.600000000000000000e+02,3.600000000000000000e+02,3.574796797990126720e+02,3.600000000000000000e+02,3.600000000000000000e+02,3.600000000000000000e+02,3.600000000000000000e+02,3.600000000000000000e+02,3.600000000000000000e+02,3.568758496968880536e+02,3.462298766862057278e+02,3.485720066360848364e+02,3.446640976493299604e+02,3.454902808985427214e+02,3.435332836780188472e+02,3.531440921556259696e+02,3.591793966480167342e+02,3.560884009559033530e+02,3.554586175437019051e+02,3.600000000000000000e+02,3.600000000000000000e+02,3.587276544000014837e+02,3.600000000000000000e+02,3.600000000000000000e+02,3.568217060812473846e+02,3.600000000000000000e+02,3.600000000000000000e+02,3.600000000000000000e+02,3.600000000000000000e+02,3.600000000000000000e+02,3.600000000000000000e+02,3.600000000000000000e+02,3.597579922926185532e+02,3.600000000000000000e+02,3.600000000000000000e+02,3.600000000000000000e+02,3.600000000000000000e+02,3.600000000000000000e+02,3.600000000000000000e+02,3.600000000000000000e+02,3.600000000000000000e+02,3.600000000000000000e+02,3.600000000000000000e+02,3.600000000000000000e+02,3.600000000000000000e+02,3.600000000000000000e+02,3.600000000000000000e+02,3.600000000000000000e+02,3.600000000000000000e+02,3.600000000000000000e+02,3.600000000000000000e+02,3.600000000000000000e+02,3.600000000000000000e+02,3.600000000000000000e+02,3.600000000000000000e+02,3.600000000000000000e+02,3.600000000000000000e+02,3.600000000000000000e+02,3.600000000000000000e+02,3.600000000000000000e+02,3.600000000000000000e+02,3.460257736366368704e+02,3.183531529470447481e+02,3.120869609981154440e+02,3.173169521610298602e+02,3.356215638024194163e+02,3.464172440981030832e+02,3.302981492029348942e+02,3.275615667312634969e+02,3.496087304267250602e+02,3.581556227633219578e+02,3.450179477648599686e+02,3.401068715016828037e+02,3.362818645636278347e+02,3.288148865419526601e+02,3.308547821951858623e+02,3.409419269620991031e+02,3.414326743440669816e+02,3.396050227432871225e+02,3.370589098076820846e+02,3.460238390937147415e+02,3.493404399058142644e+02,3.551741939868781515e+02,3.600000000000000000e+02,3.600000000000000000e+02,3.529380783918634279e+02,3.420448864663152335e+02,3.449065686938428144e+02,3.600000000000000000e+02,3.600000000000000000e+02,3.600000000000000000e+02,3.470541825214411347e+02,3.431350509173626051e+02,3.388175378859712623e+02,3.492121232210211019e+02,3.600000000000000000e+02,3.600000000000000000e+02,3.600000000000000000e+02,3.600000000000000000e+02,3.600000000000000000e+02,3.600000000000000000e+02,3.600000000000000000e+02,3.600000000000000000e+02,3.600000000000000000e+02,3.600000000000000000e+02,3.600000000000000000e+02,3.562673870964576395e+02,3.600000000000000000e+02,3.600000000000000000e+02,3.600000000000000000e+02,3.600000000000000000e+02,3.600000000000000000e+02,3.600000000000000000e+02,3.600000000000000000e+02,3.600000000000000000e+02,3.600000000000000000e+02,3.600000000000000000e+02,3.600000000000000000e+02,3.600000000000000000e+02,3.428210093382854211e+02,3.388066854034527182e+02,3.524649970416954261e+02,3.600000000000000000e+02,3.480057563190761130e+02,3.358137310898417240e+02,3.427870156484823951e+02,3.600000000000000000e+02,3.600000000000000000e+02,3.423580397111830962e+02,3.179078658884092761e+02,3.048999004088682341e+02,2.978517337792555395e+02,3.178696828875341680e+02,3.453873258410607718e+02,3.486235399099731467e+02,3.482024627660381384e+02,3.567828404031803302e+02,3.590056935905516298e+02,3.488417687853881262e+02,3.485048869078781308e+02,3.499504639902265239e+02,3.424798906075337186e+02,3.344510249141377471e+02,3.357223999141003787e+02,3.400317001651203555e+02,3.453661437036874986e+02,3.329383673578847720e+02,3.279137230432010028e+02,3.319963234562537195e+02,3.423076330733275654e+02,3.430505932865794421e+02,3.450147180076939435e+02,3.329601411908017212e+02,3.183986944877360656e+02,3.212672761801816250e+02,3.306217132098659590e+02,3.350791159438037994e+02,3.364347967849263341e+02,3.519101560130058033e+02,3.600000000000000000e+02,3.600000000000000000e+02,3.600000000000000000e+02,3.600000000000000000e+02,3.600000000000000000e+02,3.598627131376819648e+02,3.600000000000000000e+02,3.600000000000000000e+02,3.463750591464936974e+02
3.513392486150048057e+02,3.572582994810229593e+02,3.600000000000000000e+02,3.600000000000000000e+02,3.600000000000000000e+02,3.600000000000000000e+02,3.600000000000000000e+02,3.600000000000000000e+02,3.600000000000000000e+02,3.600000000000000000e+02,3.600000000000000000e+02,3.600000000000000000e+02,3.600000000000000000e+02,3.600000000000000000e+02,3.600000000000000000e+02,3.600000000000000000e+02,3.600000000000000000e+02,3.600000000000000000e+02,3.600000000000000000e+02,3.562601814596145573e+02,3.584328018951982813e+02,3.575475683889922607e+02,3.600000000000000000e+02,3.600000000000000000e+02,3.600000000000000000e+02,3.600000000000000000e+02,3.600000000000000000e+02,3.600000000000000000e+02,3.600000000000000000e+02,3.600000000000000000e+02,3.600000000000000000e+02,3.600000000000000000e+02,3.600000000000000000e+02,3.600000000000000000e+02,3.600000000000000000e+02,3.600000000000000000e+02,3.600000000000000000e+02,3.600000000000000000e+02,3.600000000000000000e+02,3.600000000000000000e+02,3.600000000000000000e+02,3.596773463817126526e+02,3.600000000000000000e+02,3.600000000000000000e+02,3.600000000000000000e+02,3.600000000000000000e+02,3.600000000000000000e+02,3.600000000000000000e+02,3.600000000000000000e+02,3.600000000000000000e+02,3.600000000000000000e+02,3.600000000000000000e+02,3.600000000000000000e+02,3.600000000000000000e+02,3.600000000000000000e+02,3.600000000000000000e+02,3.600000000000000000e+02,3.600000000000000000e+02,3.600000000000000000e+02,3.598398207772003161e+02,3.600000000000000000e+02,3.600000000000000000e+02,3.600000000000000000e+02,3.600000000000000000e+02,3.600000000000000000e+02,3.600000000000000000e+02,3.600000000000000000e+02,3.600000000000000000e+02,3.600000000000000000e+02,3.600000000000000000e+02,3.600000000000000000e+02,3.600000000000000000e+02,3.600000000000000000e+02,3.600000000000000000e+02,3.600000000000000000e+02,3.600000000000000000e+02,3.600000000000000000e+02,3.600000000000000000e+02,3.600000000000000000e+02,3.600000000000000000e+02,3.600000000000000000e+02,3.600000000000000000e+02,3.600000000000000000e+02,3.600000000000000000e+02,3.600000000000000000e+02,3.600000000000000000e+02,3.600000000000000000e+02,3.600000000000000000e+02,3.600000000000000000e+02,3.600000000000000000e+02,3.600000000000000000e+02,3.600000000000000000e+02,3.600000000000000000e+02,3.600000000000000000e+02,3.600000000000000000e+02,3.600000000000000000e+02,3.600000000000000000e+02,3.600000000000000000e+02,3.600000000000000000e+02,3.600000000000000000e+02,3.600000000000000000e+02,3.600000000000000000e+02,3.600000000000000000e+02,3.600000000000000000e+02,3.600000000000000000e+02,3.600000000000000000e+02,3.600000000000000000e+02,3.600000000000000000e+02,3.600000000000000000e+02,3.540065751394062659e+02,3.293441900242681868e+02,3.302177781606625331e+02,3.450571340368157962e+02,3.600000000000000000e+02,3.600000000000000000e+02,3.343502045777463536e+02,3.285231587527805459e+02,3.527681198544390213e+02,3.600000000000000000e+02,3.600000000000000000e+02,3.600000000000000000e+02,3.600000000000000000e+02,3.489255316089495409e+02,3.483412543561292978e+02,3.558947946660574644e+02,3.600000000000000000e+02,3.600000000000000000e+02,3.600000000000000000e+02,3.600000000000000000e+02,3.540122789315346949e+02,3.487899541346332057e+02,3.379466387404349916e+02,3.403376072114175486e+02,3.418869995809401416e+02,3.432968293297529954e+02,3.405394825073764764e+02,3.420629717099578215e+02,3.350904516616214437e+02,3.334581929230474771e+02,3.379432861820496896e+02,3.444951480511936097e+02,3.374110481823369696e+02,3.406193815605500959e+02,3.464464652008917369e+02,3.509457439017024853e+02,3.405913128478110821e+02,3.352428584910943528e+02,3.481025471793620341e+02,3.600000000000000000e+02,3.600000000000000000e+02,3.600000000000000000e+02,3.600000000000000000e+02,3.600000000000000000e+02,3.600000000000000000e+02,3.600000000000000000e+02,3.600000000000000000e+02,3.600000000000000000e+02,3.600000000000000000e+02,3.600000000000000000e+02,3.600000000000000000e+02,3.600000000000000000e+02,3.600000000000000000e+02,3.600000000000000000e+02,3.600000000000000000e+02,3.600000000000000000e+02,3.600000000000000000e+02,3.600000000000000000e+02,3.390793355237068454e+02,3.371965688588435341e+02,3.555562436812813871e+02,3.600000000000000000e+02,3.558752552768817736e+02,3.451989192263533823e+02,3.536443797291343571e+02,3.600000000000000000e+02,3.600000000000000000e+02,3.591322328496033833e+02,3.475907231703054094e+02,3.509772480876461032e+02,3.600000000000000000e+02,3.600000000000000000e+02,3.600000000000000000e+02,3.578529346188926752e+02,3.600000000000000000e+02,3.600000000000000000e+02,3.600000000000000000e+02,3.600000000000000000e+02,3.591385737740434365e+02,3.600000000000000000e+02,3.600000000000000000e+02,3.546621490038577917e+02,3.600000000000000000e+02,3.600000000000000000e+02,3.600000000000000000e+02,3.463975950362234357e+02,3.417248049019065093e+02,3.550804546604467191e+02,3.600000000000000000e+02,3.600000000000000000e+02,3.553953055808821659e+02,3.600000000000000000e+02,3.600000000000000000e+02,3.600000000000000000e+02,3.600000000000000000e+02,3.600000000000000000e+02,3.600000000000000000e+02,3.600000000000000000e+02,3.600000000000000000e+02,3.580143981208482842e+02,3.566714843060337330e+02,3.588936285569897677e+02,3.499655876807012760e+02,3.590883609209911924e+02,3.600000000000000000e+02,3.600000000000000000e+02,3.600000000000000000e+02
3.600000000000000000e+02,3.600000000000000000e+02,3.600000000000000000e+02,3.600000000000000000e+02,3.600000000000000000e+02,3.600000000000000000e+02,3.600000000000000000e+02,3.600000000000000000e+02,3.600000000000000000e+02,3.600000000000000000e+02,3.600000000000000000e+02,3.600000000000000000e+02,3.600000000000000000e+02,3.600000000000000000e+02,3.600000000000000000e+02,3.600000000000000000e+02,3.600000000000000000e+02,3.600000000000000000e+02,3.600000000000000000e+02,3.600000000000000000e+02,3.600000000000000000e+02,3.600000000000000000e+02,3.600000000000000000e+02,3.600000000000000000e+02,3.600000000000000000e+02,3.600000000000000000e+02,3.600000000000000000e+02,3.600000000000000000e+02,3.600000000000000000e+02,3.600000000000000000e+02,3.600000000000000000e+02,3.600000000000000000e+02,3.600000000000000000e+02,3.600000000000000000e+02,3.600000000000000000e+02,3.600000000000000000e+02,3.600000000000000000e+02,3.600000000000000000e+02,3.600000000000000000e+02,3.600000000000000000e+02,3.600000000000000000e+02,3.600000000000000000e+02,3.600000000000000000e+02,3.600000000000000000e+02,3.600000000000000000e+02,3.600000000000000000e+02,3.600000000000000000e+02,3.600000000000000000e+02,3.600000000000000000e+02,3.600000000000000000e+02,3.600000000000000000e+02,3.600000000000000000e+02,3.600000000000000000e+02,3.600000000000000000e+02,3.600000000000000000e+02,3.600000000000000000e+02,3.600000000000000000e+02,3.600000000000000000e+02,3.600000000000000000e+02,3.600000000000000000e+02,3.600000000000000000e+02,3.600000000000000000e+02,3.600000000000000000e+02,3.600000000000000000e+02,3.600000000000000000e+02,3.600000000000000000e+02,3.600000000000000000e+02,3.600000000000000000e+02,3.600000000000000000e+02,3.600000000000000000e+02,3.600000000000000000e+02,3.600000000000000000e+02,3.600000000000000000e+02,3.600000000000000000e+02,3.600000000000000000e+02,3.600000000000000000e+02,3.600000000000000000e+02,3.600000000000000000e+02,3.600000000000000000e+02,3.600000000000000000e+02,3.600000000000000000e+02,3.600000000000000000e+02,3.600000000000000000e+02,3.600000000000000000e+02,3.600000000000000000e+02,3.600000000000000000e+02,3.600000000000000000e+02,3.600000000000000000e+02,3.600000000000000000e+02,3.600000000000000000e+02,3.600000000000000000e+02,3.600000000000000000e+02,3.600000000000000000e+02,3.600000000000000000e+02,3.600000000000000000e+02,3.600000000000000000e+02,3.600000000000000000e+02,3.600000000000000000e+02,3.600000000000000000e+02,3.600000000000000000e+02,3.600000000000000000e+02,3.600000000000000000e+02,3.600000000000000000e+02,3.600000000000000000e+02,3.600000000000000000e+02,3.600000000000000000e+02,3.600000000000000000e+02,3.600000000000000000e+02,3.600000000000000000e+02,3.600000000000000000e+02,3.600000000000000000e+02,3.600000000000000000e+02,3.600000000000000000e+02,3.600000000000000000e+02,3.600000000000000000e+02,3.600000000000000000e+02,3.600000000000000000e+02,3.600000000000000000e+02,3.600000000000000000e+02,3.600000000000000000e+02,3.600000000000000000e+02,3.600000000000000000e+02,3.600000000000000000e+02,3.600000000000000000e+02,3.600000000000000000e+02,3.600000000000000000e+02,3.600000000000000000e+02,3.600000000000000000e+02,3.600000000000000000e+02,3.600000000000000000e+02,3.600000000000000000e+02,3.600000000000000000e+02,3.600000000000000000e+02,3.600000000000000000e+02,3.600000000000000000e+02,3.600000000000000000e+02,3.600000000000000000e+02,3.560573903552345882e+02,3.559203263191449196e+02,3.600000000000000000e+02,3.600000000000000000e+02,3.600000000000000000e+02,3.600000000000000000e+02,3.600000000000000000e+02,3.600000000000000000e+02,3.600000000000000000e+02,3.600000000000000000e+02,3.600000000000000000e+02,3.600000000000000000e+02,3.600000000000000000e+02,3.600000000000000000e+02,3.600000000000000000e+02,3.600000000000000000e+02,3.600000000000000000e+02,3.600000000000000000e+02,3.600000000000000000e+02,3.600000000000000000e+02,3.600000000000000000e+02,3.600000000000000000e+02,3.600000000000000000e+02,3.600000000000000000e+02,3.600000000000000000e+02,3.600000000000000000e+02,3.600000000000000000e+02,3.600000000000000000e+02,3.600000000000000000e+02,3.600000000000000000e+02,3.551502571145971388e+02,3.551433968183029037e+02,3.600000000000000000e+02,3.600000000000000000e+02,3.600000000000000000e+02,3.600000000000000000e+02,3.600000000000000000e+02,3.600000000000000000e+02,3.600000000000000000e+02,3.600000000000000000e+02,3.600000000000000000e+02,3.600000000000000000e+02,3.600000000000000000e+02,3.600000000000000000e+02,3.600000000000000000e+02,3.600000000000000000e+02,3.600000000000000000e+02,3.600000000000000000e+02,3.600000000000000000e+02,3.600000000000000000e+02,3.600000000000000000e+02,3.600000000000000000e+02,3.600000000000000000e+02,3.600000000000000000e+02,3.600000000000000000e+02,3.600000000000000000e+02,3.600000000000000000e+02,3.600000000000000000e+02,3.600000000000000000e+02,3.600000000000000000e+02,3.600000000000000000e+02,3.600000000000000000e+02,3.600000000000000000e+02,3.600000000000000000e+02,3.600000000000000000e+02,3.600000000000000000e+02,3.600000000000000000e+02,3.600000000000000000e+02,3.600000000000000000e+02,3.600000000000000000e+02,3.600000000000000000e+02,3.600000000000000000e+02,3.600000000000000000e+02,3.600000000000000000e+02,3.600000000000000000e+02,3.534940277895805139e+02,3.492014890632077595e+02,3.567729704854072565e+02,3.600000000000000000e+02
3.600000000000000000e+02,3.600000000000000000e+02,3.600000000000000000e+02,3.600000000000000000e+02,3.600000000000000000e+02,3.600000000000000000e+02,3.600000000000000000e+02,3.600000000000000000e+02,3.600000000000000000e+02,3.600000000000000000e+02,3.600000000000000000e+02,3.600000000000000000e+02,3.600000000000000000e+02,3.600000000000000000e+02,3.600000000000000000e+02,3.600000000000000000e+02,3.600000000000000000e+02,3.600000000000000000e+02,3.600000000000000000e+02,3.600000000000000000e+02,3.600000000000000000e+02,3.600000000000000000e+02,3.600000000000000000e+02,3.600000000000000000e+02,3.600000000000000000e+02,3.600000000000000000e+02,3.600000000000000000e+02,3.600000000000000000e+02,3.600000000000000000e+02,3.600000000000000000e+02,3.600000000000000000e+02,3.600000000000000000e+02,3.600000000000000000e+02,3.600000000000000000e+02,3.600000000000000000e+02,3.600000000000000000e+02,3.600000000000000000e+02,3.600000000000000000e+02,3.600000000000000000e+02,3.600000000000000000e+02,3.600000000000000000e+02,3.600000000000000000e+02,3.600000000000000000e+02,3.600000000000000000e+02,3.600000000000000000e+02,3.600000000000000000e+02,3.600000000000000000e+02,3.600000000000000000e+02,3.600000000000000000e+02,3.600000000000000000e+02,3.600000000000000000e+02,3.600000000000000000e+02,3.600000000000000000e+02,3.600000000000000000e+02,3.600000000000000000e+02,3.600000000000000000e+02,3.600000000000000000e+02,3.600000000000000000e+02,3.600000000000000000e+02,3.600000000000000000e+02,3.600000000000000000e+02,3.600000000000000000e+02,3.600000000000000000e+02,3.600000000000000000e+02,3.600000000000000000e+02,3.600000000000000000e+02,3.600000000000000000e+02,3.600000000000000000e+02,3.600000000000000000e+02,3.600000000000000000e+02,3.600000000000000000e+02,3.600000000000000000e+02,3.600000000000000000e+02,3.600000000000000000e+02,3.600000000000000000e+02,3.600000000000000000e+02,3.600000000000000000e+02,3.600000000000000000e+02,3.600000000000000000e+02,3.600000000000000000e+02,3.600000000000000000e+02,3.600000000000000000e+02,3.600000000000000000e+02,3.600000000000000000e+02,3.600000000000000000e+02,3.600000000000000000e+02,3.600000000000000000e+02,3.600000000000000000e+02,3.600000000000000000e+02,3.600000000000000000e+02,3.600000000000000000e+02,3.600000000000000000e+02,3.600000000000000000e+02,3.600000000000000000e+02,3.600000000000000000e+02,3.600000000000000000e+02,3.600000000000000000e+02,3.600000000000000000e+02,3.600000000000000000e+02,3.600000000000000000e+02,3.600000000000000000e+02,3.600000000000000000e+02,3.600000000000000000e+02,3.600000000000000000e+02,3.600000000000000000e+02,3.600000000000000000e+02,3.600000000000000000e+02,3.600000000000000000e+02,3.600000000000000000e+02,3.600000000000000000e+02,3.600000000000000000e+02,3.600000000000000000e+02,3.600000000000000000e+02,3.600000000000000000e+02,3.600000000000000000e+02,3.600000000000000000e+02,3.600000000000000000e+02,3.600000000000000000e+02,3.600000000000000000e+02,3.600000000000000000e+02,3.600000000000000000e+02,3.600000000000000000e+02,3.600000000000000000e+02,3.600000000000000000e+02,3.600000000000000000e+02,3.600000000000000000e+02,3.600000000000000000e+02,3.600000000000000000e+02,3.600000000000000000e+02,3.600000000000000000e+02,3.600000000000000000e+02,3.600000000000000000e+02,3.600000000000000000e+02,3.600000000000000000e+02,3.600000000000000000e+02,3.600000000000000000e+02,3.600000000000000000e+02,3.600000000000000000e+02,3.600000000000000000e+02,3.600000000000000000e+02,3.600000000000000000e+02,3.600000000000000000e+02,3.600000000000000000e+02,3.600000000000000000e+02,3.600000000000000000e+02,3.600000000000000000e+02,3.600000000000000000e+02,3.600000000000000000e+02,3.600000000000000000e+02,3.600000000000000000e+02,3.600000000000000000e+02,3.600000000000000000e+02,3.600000000000000000e+02,3.600000000000000000e+02,3.600000000000000000e+02,3.600000000000000000e+02,3.600000000000000000e+02,3.600000000000000000e+02,3.600000000000000000e+02,3.600000000000000000e+02,3.600000000000000000e+02,3.600000000000000000e+02,3.600000000000000000e+02,3.600000000000000000e+02,3.600000000000000000e+02,3.600000000000000000e+02,3.600000000000000000e+02,3.600000000000000000e+02,3.600000000000000000e+02,3.600000000000000000e+02,3.600000000000000000e+02,3.600000000000000000e+02,3.600000000000000000e+02,3.600000000000000000e+02,3.600000000000000000e+02,3.600000000000000000e+02,3.600000000000000000e+02,3.600000000000000000e+02,3.600000000000000000e+02,3.600000000000000000e+02,3.600000000000000000e+02,3.600000000000000000e+02,3.600000000000000000e+02,3.600000000000000000e+02,3.600000000000000000e+02,3.600000000000000000e+02,3.600000000000000000e+02,3.600000000000000000e+02,3.600000000000000000e+02,3.600000000000000000e+02,3.600000000000000000e+02,3.600000000000000000e+02,3.600000000000000000e+02,3.600000000000000000e+02,3.600000000000000000e+02,3.600000000000000000e+02,3.600000000000000000e+02,3.600000000000000000e+02,3.600000000000000000e+02,3.600000000000000000e+02,3.600000000000000000e+02,3.600000000000000000e+02,3.600000000000000000e+02,3.600000000000000000e+02,3.600000000000000000e+02,3.600000000000000000e+02,3.600000000000000000e+02,3.600000000000000000e+02,3.600000000000000000e+02,3.600000000000000000e+02,3.600000000000000000e+02,3.600000000000000000e+02,3.600000000000000000e+02,3.600000000000000000e+02,3.600000000000000000e+02,3.600000000000000000e+02
3.600000000000000000e+02,3.600000000000000000e+02,3.600000000000000000e+02,3.600000000000000000e+02,3.600000000000000000e+02,3.600000000000000000e+02,3.600000000000000000e+02,3.600000000000000000e+02,3.600000000000000000e+02,3.600000000000000000e+02,3.600000000000000000e+02,3.600000000000000000e+02,3.600000000000000000e+02,3.600000000000000000e+02,3.600000000000000000e+02,3.600000000000000000e+02,3.600000000000000000e+02,3.600000000000000000e+02,3.600000000000000000e+02,3.600000000000000000e+02,3.600000000000000000e+02,3.600000000000000000e+02,3.600000000000000000e+02,3.600000000000000000e+02,3.600000000000000000e+02,3.600000000000000000e+02,3.600000000000000000e+02,3.600000000000000000e+02,3.600000000000000000e+02,3.600000000000000000e+02,3.600000000000000000e+02,3.600000000000000000e+02,3.600000000000000000e+02,3.600000000000000000e+02,3.600000000000000000e+02,3.600000000000000000e+02,3.600000000000000000e+02,3.600000000000000000e+02,3.600000000000000000e+02,3.600000000000000000e+02,3.600000000000000000e+02,3.600000000000000000e+02,3.600000000000000000e+02,3.600000000000000000e+02,3.600000000000000000e+02,3.600000000000000000e+02,3.600000000000000000e+02,3.600000000000000000e+02,3.600000000000000000e+02,3.600000000000000000e+02,3.600000000000000000e+02,3.600000000000000000e+02,3.600000000000000000e+02,3.600000000000000000e+02,3.600000000000000000e+02,3.600000000000000000e+02,3.600000000000000000e+02,3.600000000000000000e+02,3.600000000000000000e+02,3.600000000000000000e+02,3.600000000000000000e+02,3.600000000000000000e+02,3.600000000000000000e+02,3.600000000000000000e+02,3.600000000000000000e+02,3.600000000000000000e+02,3.600000000000000000e+02,3.600000000000000000e+02,3.600000000000000000e+02,3.600000000000000000e+02,3.600000000000000000e+02,3.600000000000000000e+02,3.600000000000000000e+02,3.600000000000000000e+02,3.600000000000000000e+02,3.600000000000000000e+02,3.600000000000000000e+02,3.600000000000000000e+02,3.600000000000000000e+02,3.600000000000000000e+02,3.600000000000000000e+02,3.600000000000000000e+02,3.600000000000000000e+02,3.600000000000000000e+02,3.600000000000000000e+02,3.600000000000000000e+02,3.600000000000000000e+02,3.600000000000000000e+02,3.600000000000000000e+02,3.600000000000000000e+02,3.600000000000000000e+02,3.600000000000000000e+02,3.600000000000000000e+02,3.600000000000000000e+02,3.600000000000000000e+02,3.600000000000000000e+02,3.600000000000000000e+02,3.600000000000000000e+02,3.600000000000000000e+02,3.600000000000000000e+02,3.600000000000000000e+02,3.600000000000000000e+02,3.600000000000000000e+02,3.600000000000000000e+02,3.600000000000000000e+02,3.600000000000000000e+02,3.600000000000000000e+02,3.600000000000000000e+02,3.600000000000000000e+02,3.600000000000000000e+02,3.600000000000000000e+02,3.600000000000000000e+02,3.600000000000000000e+02,3.600000000000000000e+02,3.600000000000000000e+02,3.600000000000000000e+02,3.600000000000000000e+02,3.600000000000000000e+02,3.600000000000000000e+02,3.600000000000000000e+02,3.600000000000000000e+02,3.600000000000000000e+02,3.600000000000000000e+02,3.600000000000000000e+02,3.600000000000000000e+02,3.600000000000000000e+02,3.600000000000000000e+02,3.600000000000000000e+02,3.600000000000000000e+02,3.600000000000000000e+02,3.600000000000000000e+02,3.600000000000000000e+02,3.600000000000000000e+02,3.600000000000000000e+02,3.600000000000000000e+02,3.600000000000000000e+02,3.600000000000000000e+02,3.600000000000000000e+02,3.600000000000000000e+02,3.600000000000000000e+02,3.600000000000000000e+02,3.600000000000000000e+02,3.600000000000000000e+02,3.600000000000000000e+02,3.600000000000000000e+02,3.600000000000000000e+02,3.600000000000000000e+02,3.600000000000000000e+02,3.600000000000000000e+02,3.600000000000000000e+02,3.600000000000000000e+02,3.600000000000000000e+02,3.600000000000000000e+02,3.600000000000000000e+02,3.600000000000000000e+02,3.600000000000000000e+02,3.600000000000000000e+02,3.600000000000000000e+02,3.600000000000000000e+02,3.600000000000000000e+02,3.600000000000000000e+02,3.600000000000000000e+02,3.600000000000000000e+02,3.600000000000000000e+02,3.600000000000000000e+02,3.600000000000000000e+02,3.600000000000000000e+02,3.600000000000000000e+02,3.600000000000000000e+02,3.600000000000000000e+02,3.600000000000000000e+02,3.600000000000000000e+02,3.600000000000000000e+02,3.600000000000000000e+02,3.600000000000000000e+02,3.600000000000000000e+02,3.600000000000000000e+02,3.600000000000000000e+02,3.600000000000000000e+02,3.600000000000000000e+02,3.600000000000000000e+02,3.600000000000000000e+02,3.600000000000000000e+02,3.600000000000000000e+02,3.600000000000000000e+02,3.600000000000000000e+02,3.600000000000000000e+02,3.600000000000000000e+02,3.600000000000000000e+02,3.600000000000000000e+02,3.600000000000000000e+02,3.600000000000000000e+02,3.600000000000000000e+02,3.600000000000000000e+02,3.600000000000000000e+02,3.600000000000000000e+02,3.600000000000000000e+02,3.600000000000000000e+02,3.600000000000000000e+02,3.600000000000000000e+02,3.600000000000000000e+02,3.600000000000000000e+02,3.600000000000000000e+02,3.600000000000000000e+02,3.600000000000000000e+02,3.600000000000000000e+02,3.600000000000000000e+02,3.600000000000000000e+02,3.600000000000000000e+02,3.600000000000000000e+02,3.600000000000000000e+02,3.600000000000000000e+02,3.600000000000000000e+02,3.600000000000000000e+02,3.600000000000000000e+02,3.600000000000000000e+02
3.600000000000000000e+02,3.600000000000000000e+02,3.600000000000000000e+02,3.600000000000000000e+02,3.600000000000000000e+02,3.600000000000000000e+02,3.600000000000000000e+02,3.600000000000000000e+02,3.600000000000000000e+02,3.600000000000000000e+02,3.600000000000000000e+02,3.600000000000000000e+02,3.600000000000000000e+02,3.600000000000000000e+02,3.600000000000000000e+02,3.600000000000000000e+02,3.600000000000000000e+02,3.600000000000000000e+02,3.600000000000000000e+02,3.600000000000000000e+02,3.600000000000000000e+02,3.600000000000000000e+02,3.600000000000000000e+02,3.600000000000000000e+02,3.600000000000000000e+02,3.600000000000000000e+02,3.600000000000000000e+02,3.600000000000000000e+02,3.600000000000000000e+02,3.600000000000000000e+02,3.600000000000000000e+02,3.600000000000000000e+02,3.600000000000000000e+02,3.600000000000000000e+02,3.600000000000000000e+02,3.600000000000000000e+02,3.600000000000000000e+02,3.600000000000000000e+02,3.600000000000000000e+02,3.600000000000000000e+02,3.600000000000000000e+02,3.600000000000000000e+02,3.600000000000000000e+02,3.600000000000000000e+02,3.600000000000000000e+02,3.600000000000000000e+02,3.600000000000000000e+02,3.600000000000000000e+02,3.600000000000000000e+02,3.600000000000000000e+02,3.600000000000000000e+02,3.600000000000000000e+02,3.600000000000000000e+02,3.600000000000000000e+02,3.600000000000000000e+02,3.600000000000000000e+02,3.600000000000000000e+02,3.600000000000000000e+02,3.600000000000000000e+02,3.600000000000000000e+02,3.600000000000000000e+02,3.600000000000000000e+02,3.600000000000000000e+02,3.600000000000000000e+02,3.600000000000000000e+02,3.600000000000000000e+02,3.600000000000000000e+02,3.600000000000000000e+02,3.600000000000000000e+02,3.600000000000000000e+02,3.600000000000000000e+02,3.600000000000000000e+02,3.600000000000000000e+02,3.600000000000000000e+02,3.600000000000000000e+02,3.600000000000000000e+02,3.600000000000000000e+02,3.600000000000000000e+02,3.600000000000000000e+02,3.600000000000000000e+02,3.600000000000000000e+02,3.600000000000000000e+02,3.600000000000000000e+02,3.600000000000000000e+02,3.600000000000000000e+02,3.600000000000000000e+02,3.600000000000000000e+02,3.600000000000000000e+02,3.600000000000000000e+02,3.600000000000000000e+02,3.600000000000000000e+02,3.600000000000000000e+02,3.600000000000000000e+02,3.600000000000000000e+02,3.600000000000000000e+02,3.600000000000000000e+02,3.600000000000000000e+02,3.600000000000000000e+02,3.600000000000000000e+02,3.600000000000000000e+02,3.600000000000000000e+02,3.600000000000000000e+02,3.600000000000000000e+02,3.600000000000000000e+02,3.600000000000000000e+02,3.600000000000000000e+02,3.600000000000000000e+02,3.600000000000000000e+02,3.600000000000000000e+02,3.600000000000000000e+02,3.600000000000000000e+02,3.600000000000000000e+02,3.600000000000000000e+02,3.600000000000000000e+02,3.600000000000000000e+02,3.600000000000000000e+02,3.600000000000000000e+02,3.600000000000000000e+02,3.600000000000000000e+02,3.600000000000000000e+02,3.600000000000000000e+02,3.600000000000000000e+02,3.600000000000000000e+02,3.600000000000000000e+02,3.600000000000000000e+02,3.600000000000000000e+02,3.600000000000000000e+02,3.600000000000000000e+02,3.600000000000000000e+02,3.600000000000000000e+02,3.600000000000000000e+02,3.600000000000000000e+02,3.600000000000000000e+02,3.600000000000000000e+02,3.600000000000000000e+02,3.600000000000000000e+02,3.600000000000000000e+02,3.600000000000000000e+02,3.600000000000000000e+02,3.600000000000000000e+02,3.600000000000000000e+02,3.600000000000000000e+02,3.600000000000000000e+02,3.600000000000000000e+02,3.600000000000000000e+02,3.600000000000000000e+02,3.600000000000000000e+02,3.600000000000000000e+02,3.600000000000000000e+02,3.600000000000000000e+02,3.600000000000000000e+02,3.600000000000000000e+02,3.600000000000000000e+02,3.600000000000000000e+02,3.600000000000000000e+02,3.600000000000000000e+02,3.600000000000000000e+02,3.600000000000000000e+02,3.600000000000000000e+02,3.600000000000000000e+02,3.600000000000000000e+02,3.600000000000000000e+02,3.600000000000000000e+02,3.600000000000000000e+02,3.600000000000000000e+02,3.600000000000000000e+02,3.600000000000000000e+02,3.600000000000000000e+02,3.600000000000000000e+02,3.600000000000000000e+02,3.600000000000000000e+02,3.600000000000000000e+02,3.600000000000000000e+02,3.600000000000000000e+02,3.600000000000000000e+02,3.600000000000000000e+02,3.600000000000000000e+02,3.600000000000000000e+02,3.600000000000000000e+02,3.600000000000000000e+02,3.600000000000000000e+02,3.600000000000000000e+02,3.600000000000000000e+02,3.600000000000000000e+02,3.600000000000000000e+02,3.600000000000000000e+02,3.600000000000000000e+02,3.600000000000000000e+02,3.600000000000000000e+02,3.600000000000000000e+02,3.600000000000000000e+02,3.600000000000000000e+02,3.600000000000000000e+02,3.600000000000000000e+02,3.600000000000000000e+02,3.600000000000000000e+02,3.600000000000000000e+02,3.600000000000000000e+02,3.600000000000000000e+02,3.600000000000000000e+02,3.600000000000000000e+02,3.600000000000000000e+02,3.600000000000000000e+02,3.600000000000000000e+02,3.600000000000000000e+02,3.600000000000000000e+02,3.600000000000000000e+02,3.600000000000000000e+02,3.600000000000000000e+02,3.600000000000000000e+02,3.600000000000000000e+02,3.600000000000000000e+02,3.600000000000000000e+02,3.600000000000000000e+02,3.600000000000000000e+02,3.600000000000000000e+02
3.600000000000000000e+02,3.600000000000000000e+02,3.600000000000000000e+02,3.600000000000000000e+02,3.600000000000000000e+02,3.600000000000000000e+02,3.600000000000000000e+02,3.600000000000000000e+02,3.600000000000000000e+02,3.600000000000000000e+02,3.600000000000000000e+02,3.600000000000000000e+02,3.600000000000000000e+02,3.600000000000000000e+02,3.600000000000000000e+02,3.600000000000000000e+02,3.600000000000000000e+02,3.600000000000000000e+02,3.600000000000000000e+02,3.600000000000000000e+02,3.600000000000000000e+02,3.600000000000000000e+02,3.600000000000000000e+02,3.600000000000000000e+02,3.600000000000000000e+02,3.600000000000000000e+02,3.600000000000000000e+02,3.600000000000000000e+02,3.600000000000000000e+02,3.600000000000000000e+02,3.600000000000000000e+02,3.600000000000000000e+02,3.600000000000000000e+02,3.600000000000000000e+02,3.600000000000000000e+02,3.600000000000000000e+02,3.600000000000000000e+02,3.600000000000000000e+02,3.600000000000000000e+02,3.600000000000000000e+02,3.600000000000000000e+02,3.600000000000000000e+02,3.600000000000000000e+02,3.600000000000000000e+02,3.600000000000000000e+02,3.600000000000000000e+02,3.600000000000000000e+02,3.600000000000000000e+02,3.600000000000000000e+02,3.600000000000000000e+02,3.600000000000000000e+02,3.600000000000000000e+02,3.600000000000000000e+02,3.600000000000000000e+02,3.600000000000000000e+02,3.600000000000000000e+02,3.600000000000000000e+02,3.600000000000000000e+02,3.600000000000000000e+02,3.600000000000000000e+02,3.600000000000000000e+02,3.600000000000000000e+02,3.600000000000000000e+02,3.600000000000000000e+02,3.600000000000000000e+02,3.600000000000000000e+02,3.600000000000000000e+02,3.600000000000000000e+02,3.600000000000000000e+02,3.600000000000000000e+02,3.600000000000000000e+02,3.600000000000000000e+02,3.600000000000000000e+02,3.600000000000000000e+02,3.600000000000000000e+02,3.600000000000000000e+02,3.600000000000000000e+02,3.600000000000000000e+02,3.600000000000000000e+02,3.600000000000000000e+02,3.600000000000000000e+02,3.600000000000000000e+02,3.600000000000000000e+02,3.600000000000000000e+02,3.600000000000000000e+02,3.600000000000000000e+02,3.600000000000000000e+02,3.600000000000000000e+02,3.600000000000000000e+02,3.600000000000000000e+02,3.600000000000000000e+02,3.600000000000000000e+02,3.600000000000000000e+02,3.600000000000000000e+02,3.600000000000000000e+02,3.600000000000000000e+02,3.600000000000000000e+02,3.600000000000000000e+02,3.600000000000000000e+02,3.600000000000000000e+02,3.600000000000000000e+02,3.600000000000000000e+02,3.600000000000000000e+02,3.600000000000000000e+02,3.600000000000000000e+02,3.600000000000000000e+02,3.600000000000000000e+02,3.600000000000000000e+02,3.600000000000000000e+02,3.600000000000000000e+02,3.600000000000000000e+02,3.600000000000000000e+02,3.600000000000000000e+02,3.600000000000000000e+02,3.600000000000000000e+02,3.600000000000000000e+02,3.600000000000000000e+02,3.600000000000000000e+02,3.600000000000000000e+02,3.600000000000000000e+02,3.600000000000000000e+02,3.600000000000000000e+02,3.600000000000000000e+02,3.600000000000000000e+02,3.600000000000000000e+02,3.600000000000000000e+02,3.600000000000000000e+02,3.600000000000000000e+02,3.600000000000000000e+02,3.600000000000000000e+02,3.600000000000000000e+02,3.600000000000000000e+02,3.600000000000000000e+02,3.600000000000000000e+02,3.600000000000000000e+02,3.600000000000000000e+02,3.600000000000000000e+02,3.600000000000000000e+02,3.600000000000000000e+02,3.600000000000000000e+02,3.600000000000000000e+02,3.600000000000000000e+02,3.600000000000000000e+02,3.600000000000000000e+02,3.600000000000000000e+02,3.600000000000000000e+02,3.600000000000000000e+02,3.600000000000000000e+02,3.600000000000000000e+02,3.600000000000000000e+02,3.600000000000000000e+02,3.600000000000000000e+02,3.600000000000000000e+02,3.600000000000000000e+02,3.600000000000000000e+02,3.600000000000000000e+02,3.600000000000000000e+02,3.600000000000000000e+02,3.600000000000000000e+02,3.600000000000000000e+02,3.600000000000000000e+02,3.600000000000000000e+02,3.600000000000000000e+02,3.600000000000000000e+02,3.600000000000000000e+02,3.600000000000000000e+02,3.600000000000000000e+02,3.600000000000000000e+02,3.600000000000000000e+02,3.600000000000000000e+02,3.600000000000000000e+02,3.600000000000000000e+02,3.600000000000000000e+02,3.600000000000000000e+02,3.600000000000000000e+02,3.600000000000000000e+02,3.600000000000000000e+02,3.600000000000000000e+02,3.600000000000000000e+02,3.600000000000000000e+02,3.600000000000000000e+02,3.600000000000000000e+02,3.600000000000000000e+02,3.600000000000000000e+02,3.600000000000000000e+02,3.600000000000000000e+02,3.600000000000000000e+02,3.600000000000000000e+02,3.600000000000000000e+02,3.600000000000000000e+02,3.600000000000000000e+02,3.600000000000000000e+02,3.600000000000000000e+02,3.600000000000000000e+02,3.600000000000000000e+02,3.600000000000000000e+02,3.600000000000000000e+02,3.600000000000000000e+02,3.600000000000000000e+02,3.600000000000000000e+02,3.600000000000000000e+02,3.600000000000000000e+02,3.600000000000000000e+02,3.600000000000000000e+02,3.600000000000000000e+02,3.600000000000000000e+02,3.600000000000000000e+02,3.600000000000000000e+02,3.600000000000000000e+02,3.600000000000000000e+02,3.600000000000000000e+02,3.600000000000000000e+02,3.600000000000000000e+02,3.600000000000000000e+02,3.600000000000000000e+02,3.600000000000000000e+02
3.600000000000000000e+02,3.600000000000000000e+02,3.600000000000000000e+02,3.600000000000000000e+02,3.600000000000000000e+02,3.600000000000000000e+02,3.600000000000000000e+02,3.600000000000000000e+02,3.600000000000000000e+02,3.600000000000000000e+02,3.600000000000000000e+02,3.600000000000000000e+02,3.600000000000000000e+02,3.600000000000000000e+02,3.600000000000000000e+02,3.600000000000000000e+02,3.600000000000000000e+02,3.600000000000000000e+02,3.600000000000000000e+02,3.600000000000000000e+02,3.600000000000000000e+02,3.600000000000000000e+02,3.600000000000000000e+02,3.600000000000000000e+02,3.600000000000000000e+02,3.600000000000000000e+02,3.600000000000000000e+02,3.600000000000000000e+02,3.600000000000000000e+02,3.600000000000000000e+02,3.600000000000000000e+02,3.600000000000000000e+02,3.600000000000000000e+02,3.600000000000000000e+02,3.600000000000000000e+02,3.600000000000000000e+02,3.600000000000000000e+02,3.600000000000000000e+02,3.600000000000000000e+02,3.600000000000000000e+02,3.600000000000000000e+02,3.600000000000000000e+02,3.600000000000000000e+02,3.600000000000000000e+02,3.600000000000000000e+02,3.600000000000000000e+02,3.600000000000000000e+02,3.600000000000000000e+02,3.600000000000000000e+02,3.600000000000000000e+02,3.600000000000000000e+02,3.600000000000000000e+02,3.600000000000000000e+02,3.600000000000000000e+02,3.600000000000000000e+02,3.600000000000000000e+02,3.600000000000000000e+02,3.600000000000000000e+02,3.600000000000000000e+02,3.600000000000000000e+02,3.600000000000000000e+02,3.600000000000000000e+02,3.600000000000000000e+02,3.600000000000000000e+02,3.600000000000000000e+02,3.600000000000000000e+02,3.600000000000000000e+02,3.600000000000000000e+02,3.600000000000000000e+02,3.600000000000000000e+02,3.600000000000000000e+02,3.600000000000000000e+02,3.600000000000000000e+02,3.600000000000000000e+02,3.600000000000000000e+02,3.600000000000000000e+02,3.600000000000000000e+02,3.600000000000000000e+02,3.600000000000000000e+02,3.600000000000000000e+02,3.600000000000000000e+02,3.600000000000000000e+02,3.600000000000000000e+02,3.600000000000000000e+02,3.600000000000000000e+02,3.600000000000000000e+02,3.600000000000000000e+02,3.600000000000000000e+02,3.600000000000000000e+02,3.600000000000000000e+02,3.600000000000000000e+02,3.600000000000000000e+02,3.600000000000000000e+02,3.600000000000000000e+02,3.600000000000000000e+02,3.600000000000000000e+02,3.600000000000000000e+02,3.600000000000000000e+02,3.600000000000000000e+02,3.600000000000000000e+02,3.600000000000000000e+02,3.600000000000000000e+02,3.600000000000000000e+02,3.600000000000000000e+02,3.600000000000000000e+02,3.600000000000000000e+02,3.600000000000000000e+02,3.600000000000000000e+02,3.600000000000000000e+02,3.600000000000000000e+02,3.600000000000000000e+02,3.600000000000000000e+02,3.600000000000000000e+02,3.600000000000000000e+02,3.600000000000000000e+02,3.600000000000000000e+02,3.600000000000000000e+02,3.600000000000000000e+02,3.600000000000000000e+02,3.600000000000000000e+02,3.600000000000000000e+02,3.600000000000000000e+02,3.600000000000000000e+02,3.600000000000000000e+02,3.600000000000000000e+02,3.600000000000000000e+02,3.600000000000000000e+02,3.600000000000000000e+02,3.600000000000000000e+02,3.600000000000000000e+02,3.600000000000000000e+02,3.600000000000000000e+02,3.600000000000000000e+02,3.600000000000000000e+02,3.600000000000000000e+02,3.600000000000000000e+02,3.600000000000000000e+02,3.600000000000000000e+02,3.600000000000000000e+02,3.600000000000000000e+02,3.600000000000000000e+02,3.600000000000000000e+02,3.600000000000000000e+02,3.600000000000000000e+02,3.600000000000000000e+02,3.600000000000000000e+02,3.600000000000000000e+02,3.600000000000000000e+02,3.600000000000000000e+02,3.600000000000000000e+02,3.600000000000000000e+02,3.600000000000000000e+02,3.600000000000000000e+02,3.600000000000000000e+02,3.600000000000000000e+02,3.600000000000000000e+02,3.600000000000000000e+02,3.600000000000000000e+02,3.600000000000000000e+02,3.600000000000000000e+02,3.600000000000000000e+02,3.600000000000000000e+02,3.600000000000000000e+02,3.600000000000000000e+02,3.600000000000000000e+02,3.600000000000000000e+02,3.600000000000000000e+02,3.600000000000000000e+02,3.600000000000000000e+02,3.600000000000000000e+02,3.600000000000000000e+02,3.600000000000000000e+02,3.600000000000000000e+02,3.600000000000000000e+02,3.600000000000000000e+02,3.600000000000000000e+02,3.600000000000000000e+02,3.600000000000000000e+02,3.600000000000000000e+02,3.600000000000000000e+02,3.600000000000000000e+02,3.600000000000000000e+02,3.600000000000000000e+02,3.600000000000000000e+02,3.600000000000000000e+02,3.600000000000000000e+02,3.600000000000000000e+02,3.600000000000000000e+02,3.600000000000000000e+02,3.600000000000000000e+02,3.600000000000000000e+02,3.600000000000000000e+02,3.600000000000000000e+02,3.600000000000000000e+02,3.600000000000000000e+02,3.600000000000000000e+02,3.600000000000000000e+02,3.600000000000000000e+02,3.600000000000000000e+02,3.600000000000000000e+02,3.600000000000000000e+02,3.600000000000000000e+02,3.600000000000000000e+02,3.600000000000000000e+02,3.600000000000000000e+02,3.600000000000000000e+02,3.600000000000000000e+02,3.600000000000000000e+02,3.600000000000000000e+02,3.600000000000000000e+02,3.600000000000000000e+02,3.600000000000000000e+02,3.600000000000000000e+02,3.600000000000000000e+02,3.600000000000000000e+02,3.600000000000000000e+02
